0:[10, 23]
1:[8, 1, 5]
2:[1, 5, 21]
3:[21, 14, 2, 19, 34]
4:[35, 1, 48]
5:[17, 7, 46]
6:[1, 35]
7:[47, 29, 14, 37, 43]
8:[11, 10, 2, 22, 47]
9:[7, 3, 2]
10:[26, 7, 5, 21]
11:[38, 9, 2, 25]
12:[30, 20, 16, 22]
13:[15, 30, 20, 16]
14:[32, 5, 7, 17]
15:[11, 7, 9, 27]
16:[22, 2, 3, 33]
17:[10, 6, 34]
18:[4, 6, 10]
19:[1, 2, 9, 38]
20:[32, 10, 2, 9]
21:[29, 9, 2, 42]
22:[21, 5, 16, 41]
23:[10, 2, 3]
24:[32, 10, 11]
25:[18, 5, 7, 11]
26:[22, 31, 13]
27:[0, 2, 10, 23]
28:[3, 12]
29:[36, 12, 1, 5]
30:[10, 2, 9, 26]
31:[30, 20, 12, 3]
32:[49, 1, 8, 41]
33:[20, 16, 5, 7, 46]
34:[7, 9, 29]
35:[44, 24, 10, 2, 9]
36:[21, 5, 7]
37:[17, 14, 29, 47]
38:[48, 14]
39:[37, 10, 2, 45]
40:[33, 3, 2]
41:[19, 9, 29]
42:[31, 13, 1, 5, 18]
43:[25, 2, 9, 29]
44:[18, 5, 1, 27]
45:[42, 10, 6, 33]
46:[47, 29, 9, 19, 34]
47:[0, 6, 34]
48:[25, 0, 6, 34]
49:[16, 22, 2, 19]
50:[16, 5, 7, 17]
51:[14, 1, 3]
52:[17, 14, 29, 47]
53:[36, 12, 16]
54:[6, 0, 2, 49]
55:[47, 29, 14, 1]
56:[40, 10, 6, 15]
57:[32, 5, 7, 17]
58:[41, 8, 2, 10]
59:[36, 30, 43, 37]
60:[14, 1, 5]
61:[8, 1, 14, 17]
62:[36, 12, 1, 14, 17]
63:[49, 1, 14, 37, 43]
64:[35, 1, 14, 17]
65:[26, 7, 3, 4, 15, 30]
66:[44, 24, 10, 37]
67:[32, 10, 6, 46]
68:[9, 2, 8]
69:[11, 10, 2, 22, 47]
70:[29, 47, 22]
71:[47, 22, 2]
72:[34, 19, 9]
73:[23, 10, 37, 43]
74:[23, 10, 2, 9]
75:[30, 43, 37, 14]
76:[1, 49]
77:[30, 15, 6, 10, 11]
78:[14, 1, 5, 28]
79:[9, 2, 10, 32]
80:[25, 2, 10, 23]
81:[39, 14, 1, 8, 41]
82:[3, 1, 14, 37, 43]
83:[9, 2, 1, 12]
84:[14, 37, 43]
85:[1, 2, 22]
86:[39, 11, 13]
87:[8, 2, 19]
88:[46, 6, 15]
89:[36, 12, 1, 2, 19]
90:[24, 10, 11, 13]
91:[27, 1, 49]
92:[32, 10, 2, 0]
93:[38, 9, 2]
94:[8, 1, 14, 39]
95:[31, 22, 16, 20, 30]
96:[19, 2, 8]
97:[44, 24, 10, 6, 34]
98:[42, 2, 0]
99:[8, 1, 12, 20]
