0:[10, 23]
1:[8, 1, 5]
2:[1, 5, 21]
3:[21, 14, 2, 19, 34]
4:[35, 1, 48]
5:[17, 7, 46]
6:[1, 35]
7:[47, 29, 14, 37, 43]
8:[11, 10, 2, 22, 47]
9:[7, 3, 2]
10:[26, 7, 5, 21]
11:[38, 9, 2, 25]
12:[30, 20, 16, 22]
13:[15, 30, 20, 16]
14:[32, 5, 7, 17]
15:[11, 7, 9, 27]
16:[22, 2, 3, 33]
17:[10, 6, 34]
18:[4, 6, 10]
19:[1, 2, 9, 38]
20:[32, 10, 2, 9]
21:[29, 9, 2, 42]
22:[21, 5, 16, 41]
23:[10, 2, 3]
24:[32, 10, 11]
25:[18, 5, 7, 11]
26:[22, 31, 13]
27:[0, 2, 10, 23]
28:[3, 12]
29:[36, 12, 1, 5]
30:[10, 2, 9, 26]
31:[30, 20, 12, 3]
32:[49, 1, 8, 41]
33:[20, 16, 5, 7, 46]
34:[7, 9, 29]
35:[44, 24, 10, 2, 9]
36:[21, 5, 7]
37:[17, 14, 29, 47]
38:[48, 14]
39:[37, 10, 2, 45]
40:[33, 3, 2]
41:[19, 9, 29]
42:[31, 13, 1, 5, 18]
43:[25, 2, 9, 29]
44:[18, 5, 1, 27]
45:[42, 10, 6, 33]
46:[47, 29, 9, 19, 34]
47:[0, 6, 34]
48:[25, 0, 6, 34]
49:[16, 22, 2, 19]
