0:[10, 23]
1:[8, 1, 5]
2:[1, 5, 21]
3:[21, 14, 2, 19, 34]
4:[35, 1, 48]
5:[17, 7, 46]
6:[1, 35]
7:[47, 29, 14, 37, 43]
8:[11, 10, 2, 22, 47]
9:[7, 3, 2]
10:[26, 7, 5, 21]
11:[38, 9, 2, 25]
12:[30, 20, 16, 22]
13:[15, 30, 20, 16]
14:[32, 5, 7, 17]
15:[11, 7, 9, 27]
16:[22, 2, 3, 33]
17:[10, 6, 34]
18:[4, 6, 10]
19:[1, 2, 9, 38]
20:[32, 10, 2, 9]
21:[29, 9, 2, 42]
22:[21, 5, 16, 41]
23:[10, 2, 3]
24:[32, 10, 11]
25:[18, 5, 7, 11]
26:[22, 31, 13]
27:[0, 2, 10, 23]
28:[3, 12]
29:[36, 12, 1, 5]
30:[10, 2, 9, 26]
31:[30, 20, 12, 3]
32:[49, 1, 8, 41]
33:[20, 16, 5, 7, 46]
34:[7, 9, 29]
35:[44, 24, 10, 2, 9]
36:[21, 5, 7]
37:[17, 14, 29, 47]
38:[48, 14]
39:[37, 10, 2, 45]
40:[33, 3, 2]
41:[19, 9, 29]
42:[31, 13, 1, 5, 18]
43:[25, 2, 9, 29]
44:[18, 5, 1, 27]
45:[42, 10, 6, 33]
46:[47, 29, 9, 19, 34]
47:[0, 6, 34]
48:[25, 0, 6, 34]
49:[16, 22, 2, 19]
50:[16, 5, 7, 17]
51:[14, 1, 3]
52:[17, 14, 29, 47]
53:[36, 12, 16]
54:[6, 0, 2, 49]
55:[47, 29, 14, 1]
56:[40, 10, 6, 15]
57:[32, 5, 7, 17]
58:[41, 8, 2, 10]
59:[36, 30, 43, 37]
60:[14, 1, 5]
61:[8, 1, 14, 17]
62:[36, 12, 1, 14, 17]
63:[49, 1, 14, 37, 43]
64:[35, 1, 14, 17]
65:[26, 7, 3, 4, 15, 30]
66:[44, 24, 10, 37]
67:[32, 10, 6, 46]
68:[9, 2, 8]
69:[11, 10, 2, 22, 47]
70:[29, 47, 22]
71:[47, 22, 2]
72:[34, 19, 9]
73:[23, 10, 37, 43]
74:[23, 10, 2, 9]
75:[30, 43, 37, 14]
76:[1, 49]
77:[30, 15, 6, 10, 11]
78:[14, 1, 5, 28]
79:[9, 2, 10, 32]
80:[25, 2, 10, 23]
81:[39, 14, 1, 8, 41]
82:[3, 1, 14, 37, 43]
83:[9, 2, 1, 12]
84:[14, 37, 43]
85:[1, 2, 22]
86:[39, 11, 13]
87:[8, 2, 19]
88:[46, 6, 15]
89:[36, 12, 1, 2, 19]
90:[24, 10, 11, 13]
91:[27, 1, 49]
92:[32, 10, 2, 0]
93:[38, 9, 2]
94:[8, 1, 14, 39]
95:[31, 22, 16, 20, 30]
96:[19, 2, 8]
97:[44, 24, 10, 6, 34]
98:[42, 2, 0]
99:[8, 1, 12, 20]
100:[47, 22, 16, 5]
101:[36, 12, 20]
102:[15, 4, 0, 2, 9, 38]
103:[46, 6, 0, 2, 8]
104:[29, 47]
105:[16, 12, 1, 27]
106:[7, 11, 10, 37]
107:[4, 3, 5, 32]
108:[22, 16, 20, 30, 43]
109:[12, 1, 48]
110:[43, 37, 10, 6]
111:[34, 19, 9, 7]
112:[48, 1, 27]
113:[0, 2, 22, 16]
114:[23, 10, 11, 13]
115:[33, 6, 10, 37]
116:[5, 7, 9, 38]
117:[48, 1, 5, 32]
118:[6, 4, 24, 44]
119:[38, 9, 2, 25]
120:[6, 15]
121:[44, 20, 30]
122:[2, 1, 12, 20]
123:[41, 8, 2, 19, 34]
124:[48, 14, 23]
125:[26, 7, 5, 40]
126:[39, 11, 10, 6, 34]
127:[39, 14, 1, 49]
128:[16, 5, 21]
129:[24, 10, 2, 9]
130:[11, 13, 31]
131:[18, 5, 3, 4, 24]
132:[26, 9, 2, 8]
133:[6, 4, 3, 5, 28]
134:[8, 1, 49]
135:[18, 5, 16, 20, 30]
136:[3, 7]
137:[32, 10, 6, 34]
138:[22, 31, 13]
139:[10, 11, 13]
140:[47, 29, 9, 27, 28]
141:[23, 10, 6, 15, 30]
142:[20, 44, 24]
143:[45, 6, 33]
144:[13, 1, 3, 4, 15]
145:[12, 1, 2, 45]
146:[8, 1, 3]
147:[25, 2]
148:[26, 7, 46, 6]
149:[43, 37, 14, 39]
150:[22, 16, 5, 7]
151:[47, 29, 9, 7]
152:[39, 11, 10]
153:[12, 1]
154:[8, 2, 0, 6]
155:[35, 5, 32]
156:[49, 1, 14, 39]
157:[27, 1, 2, 10, 24]
158:[6, 33]
159:[34, 19, 2, 14, 39]
160:[38, 9, 2, 0, 4, 15]
161:[47, 29, 14, 48]
162:[22, 47, 29]
163:[48, 14, 29, 38]
164:[38, 9, 19, 34]
165:[3, 5, 40]
166:[28, 5, 35]
167:[30, 20, 16, 5, 32]
168:[4, 15, 30]
169:[5, 28]
170:[17, 7, 46, 6]
171:[8, 1, 5, 32]
172:[37, 14, 17]
173:[20, 16, 5, 35]
174:[38, 9]
175:[37, 10, 32, 5]
176:[6, 0, 2, 8, 41]
177:[12, 16, 22, 47]
178:[37, 10, 11, 7]
179:[14, 1, 5]
180:[32, 10, 6, 4]
181:[41, 8, 1, 14]
182:[5, 7, 17]
183:[10, 2, 9]
184:[26, 7]
185:[19, 2, 10, 24]
186:[37, 10, 2, 9]
187:[29, 9, 2, 45]
188:[29, 9, 19]
189:[45, 2, 9, 38]
190:[29, 9, 2, 45]
191:[25, 2, 22, 16]
192:[14, 1, 5]
193:[37, 10, 2, 8, 41]
194:[11, 7]
195:[32, 10, 2, 9]
196:[0, 2, 8]
197:[31, 13, 1, 5, 21]
198:[5, 21]
199:[28, 5, 3, 4]
200:[22, 2, 10, 23]
201:[8, 1, 3, 7]
202:[28, 5, 32, 10]
203:[6, 0, 25]
204:[38, 9, 2, 42]
205:[9, 2, 0]
206:[10, 11, 7]
207:[28, 5, 7, 17]
208:[15, 4, 0, 2, 9]
209:[49, 2, 22]
210:[25, 2, 1, 12]
211:[47, 22, 2, 3]
212:[18, 5, 3, 4, 15]
213:[25, 0, 6]
214:[23, 10, 6, 34]
215:[3, 1, 13]
216:[40, 10, 2, 25]
217:[9, 2, 1, 48]
218:[31, 13, 1, 14]
219:[3, 12, 36]
220:[22, 16, 20, 30]
221:[13, 1]
222:[1, 5, 21]
223:[38, 9, 2, 10]
224:[25, 0, 4]
225:[7, 11, 13, 31]
226:[38, 9, 7, 46]
227:[28, 27, 1, 2]
228:[13, 1, 2, 19, 34]
229:[41, 16]
230:[23, 10, 2, 9]
231:[39, 14, 37, 43]
232:[34, 19, 2, 1, 12]
233:[37, 10, 2, 9, 26]
234:[40, 5, 3]
235:[20, 16, 5, 40]
236:[49, 1, 3, 33]
237:[24, 10, 2, 14, 21]
238:[3, 5, 16]
239:[40, 5, 1, 48]
240:[32, 5, 7, 17]
241:[40, 10]
242:[16, 20, 44]
243:[35, 1, 8, 41]
244:[19, 9, 7, 17]
245:[44, 24, 10, 2, 9, 26]
246:[29, 9, 2, 0, 4]
247:[37, 14, 21]
248:[8, 1, 14, 37, 43]
249:[5, 1, 2, 42]
250:[41, 16, 5, 7]
251:[31, 22, 2, 19, 34]
252:[44, 24, 10, 11, 7]
253:[46, 6, 10, 42]
254:[36, 12, 20]
255:[43, 37, 14, 1, 27]
256:[32, 5, 16, 41]
257:[0, 2, 10, 23]
258:[48, 1, 2, 10]
259:[6, 4]
260:[20, 12, 3, 4]
261:[13, 11, 7, 46]
262:[25, 2, 14, 21]
263:[39, 14, 1, 12]
264:[37, 10, 40]
265:[17, 7, 3, 33]
266:[24, 10, 6, 46]
267:[37, 14, 18]
268:[31, 13, 1]
269:[24, 10, 11, 13]
270:[35, 5, 28]
271:[35, 1, 12, 20]
272:[28, 5, 21]
273:[14, 1, 12, 20, 44]
274:[4, 3]
275:[0, 2, 1, 5, 28]
276:[34, 19, 9, 7, 5]
277:[1, 2, 0, 6]
278:[6, 4, 3, 12]
279:[36, 12, 1, 5, 28]
280:[16, 12]
281:[35, 1, 14, 23]
282:[35, 1, 3]
283:[43, 37, 10, 2, 8]
284:[12, 1, 27]
285:[20, 12, 1, 27]
286:[13, 1, 2, 19]
287:[49, 2, 22, 47]
288:[31, 22, 2, 19]
289:[20, 16, 5, 7, 17]
290:[5, 7, 9, 38]
291:[29, 14, 21]
292:[29, 9, 2, 0, 4, 15]
293:[3, 1, 8]
294:[5, 3, 33]
295:[1, 8, 41]
296:[37, 10, 11, 7]
297:[18, 14, 2, 19, 34]
298:[37, 14, 1, 35]
299:[1, 13, 11]
300:[26, 7, 3]
301:[26, 9, 2, 10, 23]
302:[48, 14, 39]
303:[27, 1, 2, 22]
304:[49, 1, 5, 21]
305:[17, 7, 46]
306:[38, 9, 2, 1]
307:[12, 16, 22]
308:[26, 7, 3]
309:[19, 9, 27, 28]
310:[47, 22, 2, 42]
311:[12, 1, 2, 10]
312:[3, 2, 22]
313:[47, 22, 16, 20]
314:[22, 2, 10, 11]
315:[30, 20, 16, 5, 7]
316:[37, 10, 32, 5, 28]
317:[1, 14, 37]
318:[44, 24, 10, 2, 25]
319:[30, 15, 4, 0]
320:[26, 7, 11, 39]
321:[26, 9, 2, 1, 48]
322:[44, 24, 10, 6, 33]
323:[28, 27, 1, 12]
324:[21, 5, 3, 4, 15]
325:[0, 2, 3]
326:[7, 5, 16]
327:[33, 3, 1, 14]
328:[35, 1, 2, 19]
329:[34, 19, 2, 14, 39]
330:[35, 1, 14, 39]
331:[43, 37, 14, 1, 35]
332:[11, 7, 5, 16]
333:[41, 8, 1, 13]
334:[35, 1, 3]
335:[37, 10, 2, 25]
336:[10, 37]
337:[13, 11, 10, 24]
338:[4, 6, 34]
339:[46, 7, 5, 28]
340:[45, 2, 9, 26]
341:[44, 20, 16, 22, 31]
342:[20, 16, 22, 47]
343:[12, 1, 8]
344:[39, 11, 7, 5, 16]
345:[22, 2, 9, 26]
346:[30, 20, 16, 5, 40]
347:[48, 1, 3, 7]
348:[37, 10, 6, 4]
349:[3, 5, 32]
350:[31, 13, 1, 5, 21]
351:[2, 25]
352:[10, 32, 5, 28]
353:[17, 14, 1, 27]
354:[9, 2, 3, 33]
355:[45, 2, 42]
356:[7, 3, 4, 15]
357:[8, 2, 45]
358:[34, 19, 9, 27, 28]
359:[25, 0, 4, 15]
360:[12, 1, 35]
361:[36, 12, 1, 2, 0]
362:[41, 8, 2, 9, 38]
363:[20, 16, 5, 7, 26]
364:[40, 10, 2]
365:[11, 7, 9]
366:[20, 30]
367:[30, 43, 37, 14, 17]
368:[10, 2, 22, 47]
369:[27, 9, 19]
370:[33, 6, 15]
371:[7, 3, 2, 22]
372:[16, 12, 3]
373:[5, 18]
374:[34, 6, 10, 32]
375:[16, 12, 1, 14]
376:[25, 2, 19]
377:[23, 10, 2, 0]
378:[42, 2]
379:[46, 7, 5, 18]
380:[38, 9]
381:[41, 8, 1, 14, 37]
382:[28, 27, 9]
383:[16, 12, 1, 14, 23]
384:[7, 3, 33]
385:[18, 5, 7, 9]
386:[12, 3, 4]
387:[41, 16, 12, 36]
388:[46, 7, 9, 38]
389:[24, 44]
390:[35, 1, 2]
391:[33, 3, 1, 27]
392:[17, 7, 9]
393:[38, 9, 2, 3]
394:[6, 10]
395:[42, 10, 11, 7]
396:[26, 9, 29]
397:[41, 16, 5, 32]
398:[47, 22, 31, 13]
399:[16, 12, 36]
400:[2, 42]
401:[33, 3, 2]
402:[38, 9, 7, 46]
403:[22, 2, 14]
404:[40, 5, 7]
405:[6, 0, 2, 22, 16]
406:[49, 2, 0]
407:[43, 37, 10, 11, 7]
408:[27, 9, 19]
409:[30, 15, 4]
410:[22, 2, 10, 23]
411:[30, 15]
412:[22, 16, 12]
413:[37, 10, 6, 4]
414:[13, 1, 14]
415:[40, 10, 2, 19]
416:[41, 16, 5, 7, 46]
417:[34, 6, 10, 40]
418:[29, 14, 21]
419:[9, 2]
420:[18, 5, 21]
421:[38, 9, 2, 45]
422:[47, 22, 2, 25]
423:[15, 4, 0, 2, 22, 47]
424:[28, 5, 3, 33]
425:[6, 10, 37]
426:[39, 14, 1, 8, 41]
427:[11, 10, 24, 44, 20]
428:[32, 5, 18]
429:[5, 1, 14]
430:[4, 6, 45]
431:[30, 20, 16]
432:[30, 20, 12]
433:[17, 14, 23]
434:[22, 16, 5, 35]
435:[23, 10, 6, 33]
436:[26, 9, 2, 0]
437:[6, 10, 42]
438:[11, 10, 2, 22, 47]
439:[12, 1, 13]
440:[23, 14]
441:[40, 5, 18]
442:[45, 2, 10, 37]
443:[17, 14, 18]
444:[22, 2, 14, 39]
445:[3, 1, 49]
446:[2, 10, 23]
447:[49, 2, 45]
448:[29, 14, 37]
449:[12, 16, 41]
