0:[67, 47, 84, 5]
1:[38, 9, 2, 3, 59]
2:[63, 2, 1, 12, 36]
3:[51, 1, 3, 59]
4:[37, 10, 2, 55]
5:[85, 2, 45, 67]
6:[95, 21, 5, 32, 68]
7:[1, 12, 36, 69]
8:[51, 1, 5, 32, 68]
9:[32, 10, 2, 9, 38]
10:[32, 10, 6, 34]
11:[29, 9, 7]
12:[34, 19, 2, 1, 12, 95]
13:[72, 9, 2, 10, 32]
14:[13, 1, 5, 99]
15:[95, 12, 1, 2]
16:[80, 72, 69, 36, 30]
17:[65, 28, 5, 35]
18:[82, 25, 0, 70, 44, 20]
19:[73, 70, 0, 6, 74]
20:[29, 9, 2, 10]
21:[16, 5, 35]
22:[72, 9, 19, 34]
23:[99, 14, 86]
24:[71, 37, 14, 1, 35]
25:[52, 10, 2, 45, 61]
26:[89, 14, 75]
27:[64, 3, 92]
28:[18, 14, 17]
29:[22, 2, 1, 60, 94]
30:[58, 19, 2, 0, 70, 44]
31:[94, 60, 1, 5]
32:[68, 6, 34, 19]
33:[46, 6, 10, 23, 87]
34:[46, 6, 34, 19]
35:[60, 1, 5, 28]
36:[16, 5, 7, 17]
37:[98, 30, 43, 37, 14, 58]
38:[22, 2, 0]
39:[28, 5, 3, 4, 56]
40:[18, 5, 1, 64]
41:[50, 9, 7, 46]
42:[79, 2, 9, 83]
43:[6, 10, 23, 87]
44:[19, 2, 10, 24]
45:[29, 9, 27, 87]
46:[2, 0, 70, 44]
47:[79, 2, 9, 26]
48:[17, 14, 29, 38]
49:[93, 16, 20, 30]
50:[73, 23, 14, 29, 38]
51:[49, 2, 9, 26]
52:[55, 2, 14, 99]
53:[65, 23, 10, 2, 0]
54:[77, 5]
55:[16, 20, 30, 79]
56:[63, 45, 61]
57:[38, 9, 7, 17]
58:[89, 40, 10, 6, 68]
59:[84, 5, 1]
60:[17, 14, 89, 40]
61:[94, 54, 23, 10]
62:[72, 9, 2, 10, 40]
63:[30, 20, 16, 5, 77]
64:[93, 16, 5, 7, 17]
65:[59, 3, 54, 94]
66:[33, 3, 54]
67:[15, 4, 0, 2, 14, 75]
68:[8, 1, 64]
69:[45, 2, 9, 86]
70:[24, 4, 3, 97]
71:[86, 14, 1, 13]
72:[69, 36, 30, 15]
73:[96, 16, 22, 2, 55]
74:[1, 5, 32]
75:[46, 7, 26]
76:[66, 6, 74]
77:[10, 32, 5, 76]
78:[96, 16, 12, 1, 64]
79:[12, 1, 14, 89]
80:[77, 5, 1, 51]
81:[13, 31]
82:[88, 1, 60]
83:[4, 3, 5, 40]
84:[82, 45, 67, 69]
85:[96, 16, 22, 47]
86:[53, 3, 2, 81]
87:[78, 60, 1, 12, 36, 69]
88:[79, 30, 98]
89:[33, 3, 2, 42]
90:[48, 1, 2, 19]
91:[23, 10, 2, 63]
92:[36, 12, 1, 48]
93:[53, 7, 17]
94:[13, 1, 3, 4, 56]
95:[17, 14, 2, 79, 30, 98]
96:[37, 10, 2, 45, 61]
97:[7, 3, 4, 15]
98:[65, 28, 27, 9, 72, 69]
99:[45, 2, 1, 27]
100:[21, 5, 7, 26]
101:[95, 12, 36, 56]
102:[47, 67, 45, 61]
103:[41, 8, 1, 48]
104:[91, 9, 2, 3, 66]
105:[27, 1, 2, 79, 30]
106:[24, 10, 2, 9, 91]
107:[17, 7]
108:[51, 1, 5]
109:[53, 3, 12]
110:[86, 14, 60, 78]
111:[45, 6, 15]
112:[94, 54, 3, 4, 15]
113:[79, 30, 20]
114:[24, 4, 3]
115:[17, 14, 1, 12]
116:[71, 37, 10, 23, 65]
117:[98, 30, 79]
118:[55, 2, 1, 48]
119:[12, 36, 69, 67]
120:[69, 36, 12, 1, 60, 78]
121:[76, 64, 1, 13, 31]
122:[95, 12, 97]
123:[45, 2, 3, 59]
124:[96, 16, 5, 77]
125:[76, 5, 32, 68]
126:[6, 0, 70, 80]
127:[57, 37, 71]
128:[60, 1, 64]
129:[9, 2, 1, 60]
130:[11, 10, 37, 57]
131:[35, 1, 13]
132:[16, 12, 1, 64]
133:[74, 6, 34]
134:[40, 10, 2, 0, 70]
135:[77, 5, 18]
136:[74, 37, 10]
137:[13, 1, 2, 25, 82]
138:[25, 2, 1, 60, 94]
139:[74, 37, 14]
140:[29, 9, 2, 10]
141:[64, 1, 2, 9]
142:[83, 9, 29]
143:[10, 2, 1, 35]
144:[21, 5, 18]
145:[53, 3, 1, 14]
146:[39, 14, 1, 49]
147:[74, 6, 34, 19]
148:[58, 14, 23, 54, 90]
149:[58, 14, 39]
150:[90, 54, 3, 5, 77]
151:[59, 10, 2, 9, 91]
152:[51, 1, 5, 32]
153:[28, 5, 32, 10]
154:[45, 2, 0, 70, 44]
155:[83, 9, 2, 22]
156:[18, 5, 1, 64]
157:[18, 5, 1, 12]
158:[17, 14, 23]
159:[63, 2, 42]
160:[11, 10, 42]
161:[57, 9, 2, 8]
162:[44, 20, 16, 22, 47]
163:[16, 12, 1, 14]
164:[33, 3, 5, 32]
165:[57, 37, 43, 30, 20]
166:[13, 1, 51]
167:[76, 64, 3, 85]
168:[18, 5, 1]
169:[20, 30, 15]
170:[56, 36, 12, 1, 35]
171:[31, 13, 1, 5, 18]
172:[99, 14, 2, 45]
173:[51, 2, 10, 24]
174:[94, 54, 3, 4, 6]
175:[36, 12, 1, 13, 31]
176:[50, 3, 1, 13]
177:[46, 6, 68]
178:[7, 26]
179:[80, 72, 9, 50]
180:[19, 2, 3, 97]
181:[63, 2, 9, 29]
182:[7, 3, 54, 23, 73]
183:[44, 24, 10, 2, 45, 61]
184:[27, 1, 3]
185:[2, 42]
186:[77, 5, 21]
187:[50, 9]
188:[14, 2, 63]
189:[76, 5, 16, 93]
190:[57, 9, 2, 0, 4]
191:[27, 9, 72, 69]
192:[83, 9, 2, 3, 33]
193:[46, 7, 5, 18]
194:[78, 60, 1, 27, 87]
195:[68, 6, 0, 25]
196:[74, 37, 10, 52]
197:[81, 2, 3, 7]
198:[40, 10, 2, 81]
199:[99, 5, 84, 47, 67]
200:[48, 14, 37, 43]
201:[6, 33]
202:[80, 70, 44, 20, 96]
203:[64, 1, 35]
204:[81, 22, 16, 20]
205:[32, 5, 1, 88]
206:[71, 46, 6, 45, 82]
207:[38, 9, 19, 34]
208:[88, 1, 3, 53]
209:[58, 19, 2, 8]
210:[74, 37, 43]
211:[17, 14, 23, 87]
212:[10, 32, 5, 84]
213:[82, 25, 2, 14]
214:[63, 45, 6, 68]
215:[88, 14]
216:[92, 3, 5, 84]
217:[72, 9, 2, 10, 40]
218:[86, 9, 2, 55]
219:[65, 28, 61, 45, 82]
220:[0, 2, 22, 47]
221:[97, 3, 5, 21]
222:[12, 1, 2, 9]
223:[40, 10, 2, 8]
224:[27, 1, 2, 42, 93]
225:[50, 9, 57, 37, 43]
226:[78, 60, 1, 2, 25]
227:[74, 37, 10, 2, 81]
228:[35, 1, 2, 45, 67]
229:[49, 1, 3, 92]
230:[74, 37]
231:[62, 1, 3]
232:[49, 2, 9, 26]
233:[70, 0, 4, 56]
234:[70, 0, 2, 10, 40]
235:[57, 9, 2, 42]
236:[28, 5, 40, 89]
237:[9, 2, 0, 6]
238:[0, 2, 9, 57]
239:[68, 32, 10]
240:[3, 12]
241:[13, 1, 2, 25]
242:[73, 70, 0, 4, 56]
243:[32, 10, 24]
244:[71, 46]
245:[70, 0, 6]
246:[87, 27, 1, 5, 16]
247:[24, 10, 2, 55]
248:[40, 10, 23, 54]
249:[27, 1, 14, 39]
250:[98, 96, 16, 12, 95]
251:[62, 1, 2, 9, 38]
252:[41, 8, 2, 19, 34]
253:[10, 32, 5, 76]
254:[58, 19, 2, 42]
255:[59, 10, 2, 22, 31]
256:[7, 17]
257:[10, 6, 66]
258:[2, 9, 83]
259:[75, 14]
260:[36, 69]
261:[74, 37, 71]
262:[3, 2, 22]
263:[53, 7]
264:[53, 7, 46]
265:[97, 3, 1, 60, 78]
266:[54, 3, 4, 24, 44]
267:[98, 30, 43]
268:[34, 19, 2, 3, 92]
269:[76, 64, 1, 2]
270:[25, 2, 45]
271:[53, 7]
272:[38, 9, 2, 0, 4, 56]
273:[95, 12, 3, 85]
274:[25, 0, 70, 44, 20]
275:[7, 3, 2, 45]
276:[94, 60, 1, 8, 41]
277:[45, 2, 10, 23]
278:[60, 1, 3, 4, 15]
279:[75, 14, 37, 57]
280:[2, 0, 6, 74]
281:[88, 1, 51]
282:[60, 1, 2, 0]
283:[53, 3, 1, 60, 78]
284:[52, 10, 2, 22, 16, 96]
285:[88, 1, 2, 45, 67]
286:[57, 37, 10, 24]
287:[43, 30]
288:[75, 14, 37, 74]
289:[7, 17, 14]
290:[33, 3, 1, 27, 87]
291:[67, 47, 29]
292:[71, 37, 14, 29, 38]
293:[69, 36, 30, 79]
294:[71, 37, 10, 2, 79]
295:[86, 9, 2, 0, 70]
296:[23, 10, 6, 33]
297:[83, 9, 26]
298:[70, 0, 2, 3, 7]
299:[75, 14, 1, 3, 50]
300:[20, 30, 15, 6, 74]
301:[27, 1, 48]
302:[8, 1, 12, 36, 69]
303:[92, 3, 4, 56]
304:[90, 54, 3, 53]
305:[89, 14, 1, 62]
306:[41, 16, 12, 95]
307:[25, 2, 22, 16]
308:[79, 2, 3, 33]
309:[45, 2, 3, 53]
310:[60, 1, 2, 0, 70, 80]
311:[96, 16, 12, 1, 14]
312:[74, 37, 57, 9]
313:[6, 10, 23, 65]
314:[62, 1, 14, 37, 43]
315:[4, 0, 2, 51]
316:[21, 5, 3, 4, 56]
317:[35, 1, 3, 54]
318:[18, 5, 3, 66]
319:[91, 9, 7, 5, 84]
320:[14, 1, 13, 31]
321:[17, 14, 23, 54, 90]
322:[69, 36, 56]
323:[50, 3, 92, 30]
324:[24, 44, 70]
325:[72, 9, 2, 1]
326:[83, 9, 7, 5, 76]
327:[41, 16, 12, 3, 53]
328:[81, 2, 1, 5]
329:[22, 2, 19]
330:[40, 5, 1, 60]
331:[60, 1, 2, 19, 34]
332:[20, 12, 95]
333:[54, 23, 14, 39]
334:[66, 3, 1, 13, 31]
335:[15, 4, 24, 44]
336:[33, 6]
337:[10, 37]
338:[69, 67, 45, 61, 28, 65]
339:[33, 3, 5, 28]
340:[50, 9, 38]
341:[46, 6, 0]
342:[84, 5]
343:[93, 16, 12, 36]
344:[77, 5, 18]
345:[83, 9, 2, 14, 75]
346:[57, 9, 19]
347:[80, 72, 9, 2, 81]
348:[47, 29, 14]
349:[90, 67, 69, 36]
350:[91, 9, 2, 10, 24]
351:[77, 5, 7, 9, 83]
352:[72, 9, 2, 0, 6, 68]
353:[76, 64, 1, 2, 25]
354:[89, 14]
355:[4, 6, 45, 67]
356:[34, 19]
357:[77, 66, 6]
358:[12, 20]
359:[85, 2, 14]
360:[53, 3, 59]
361:[83, 9, 2, 1, 64]
362:[94, 60, 1, 27]
363:[32, 10, 23, 73]
364:[4, 3, 5, 84]
365:[66, 3, 4]
366:[77, 66, 3, 92]
367:[44, 24, 10, 2, 9, 29]
368:[80, 72, 9, 2, 14]
369:[12, 3, 33]
370:[99, 5, 1]
371:[87, 23, 10, 6, 15]
372:[54, 3, 2, 9, 38]
373:[61, 28, 27, 9]
374:[45, 6, 46]
375:[61, 45, 2, 79, 30]
376:[45, 2, 10, 24]
377:[75, 14, 1, 8]
378:[26, 9, 27, 28]
379:[81, 2, 9, 38]
380:[82, 25, 2, 3, 92]
381:[69, 72, 80]
382:[59, 10, 42]
383:[19, 2, 0, 4]
384:[66, 6, 45, 67]
385:[43, 30, 36, 69]
386:[90, 67, 45, 2, 9]
387:[50, 3, 92, 30]
388:[41, 16, 12, 36, 56]
389:[66, 3, 7]
390:[75, 14, 2, 79]
391:[89, 14, 23]
392:[63, 2, 10, 23, 65]
393:[37, 10, 11]
394:[50, 9, 2, 8]
395:[79, 2, 1, 60]
396:[68, 32, 5, 1, 60]
397:[58, 14, 1, 35]
398:[45, 6, 46, 71]
399:[46, 6, 66]
400:[53, 3, 2, 0]
401:[13, 1, 2, 85]
402:[22, 16, 12, 95]
403:[24, 10, 2, 1, 27]
404:[46, 7, 5, 28]
405:[81, 2, 1, 12, 36]
406:[91, 9, 2, 14, 75]
407:[35, 1, 14, 37]
408:[45, 2, 1, 60, 78]
409:[7, 5, 99]
410:[5, 7, 46]
411:[98, 30, 36, 69, 67, 90]
412:[58, 14, 37, 74]
413:[24, 10, 2, 25, 82]
414:[18, 5, 84]
415:[29, 9, 2, 8, 41]
416:[3, 1, 8]
417:[29, 14, 60, 78]
418:[71, 37, 10, 2, 63]
419:[33, 3, 2, 22]
420:[31, 13, 1, 14, 23]
421:[95, 12, 3, 85]
422:[85, 3, 5, 77]
423:[44, 24, 10, 2, 9, 38]
424:[77, 5, 7, 9, 57]
425:[77, 5, 1, 14, 58]
426:[13, 11, 39]
427:[47, 67, 90]
428:[30, 15, 6, 45, 82]
429:[84, 5, 3, 59]
430:[46, 7, 26]
431:[37, 14, 1, 35]
432:[96, 16, 5]
433:[68, 32, 5, 3, 50]
434:[61, 45, 2, 51]
435:[73, 70, 0, 25, 82]
436:[13, 1, 12, 20, 44]
437:[37, 14, 88]
438:[96, 16, 12, 3]
439:[53, 3, 54, 94]
440:[12, 1, 2, 9, 38]
441:[32, 10, 2, 9, 72]
442:[87, 27, 1, 13]
443:[4, 0, 25]
444:[15, 4, 0, 2, 9]
445:[96, 16, 5, 7, 9, 38]
446:[5, 3, 53]
447:[8, 1, 14, 86]
448:[62, 1, 2, 45]
449:[46, 6, 10, 59]
450:[10, 6, 4]
451:[6, 0, 2, 14]
452:[31, 22, 16, 96, 98]
453:[15, 4, 0, 2, 51]
454:[59, 10, 52]
455:[54, 3, 5, 99]
456:[11, 10, 40]
457:[49, 1, 14, 86]
458:[37, 10, 6, 68]
459:[11, 10, 42, 93]
460:[62, 11]
461:[33, 3, 54, 23]
462:[89, 14, 2, 22]
463:[0, 2, 14, 99]
464:[47, 67, 45, 61]
465:[96, 16, 12, 3, 54, 90]
466:[23, 10, 2, 9, 83]
467:[83, 25, 0, 70]
468:[40, 5, 7, 26]
469:[59, 3, 5, 18]
470:[97, 3, 1, 49]
471:[67, 45, 2, 10, 37]
472:[44, 24, 10, 2, 9, 38]
473:[34, 6, 10, 59]
474:[9, 2, 45, 67]
475:[41, 16, 5, 18]
476:[64, 1, 14, 17]
477:[38, 9, 2, 49]
478:[13, 1, 2, 45, 67]
479:[8, 2, 22, 47]
480:[3, 5, 77]
481:[80, 72, 9, 2, 14, 18]
482:[55, 2, 3]
483:[21, 5, 3, 4]
484:[83, 9, 91]
485:[56, 36, 12, 95, 21]
486:[15, 30, 36, 69, 72]
487:[78, 60, 1, 49]
488:[8, 2, 0, 70]
489:[28, 5, 16, 96]
490:[11, 10, 2, 8, 41]
491:[25, 0, 70, 44]
492:[30, 15, 6, 45]
493:[89, 40, 10, 6, 15]
494:[48, 1, 13, 31]
495:[88, 14, 39]
496:[21, 5, 7]
497:[66, 3, 1, 60]
498:[35, 1, 27, 87]
499:[22, 2, 0, 6]
500:[29, 14, 75]
501:[25, 0, 4]
502:[87, 27, 1, 8, 41]
503:[25, 82]
504:[59, 10]
505:[64, 1, 14, 37]
506:[47, 22, 2, 25]
507:[81, 2, 3, 54]
508:[94, 54, 3, 92, 30]
509:[42, 2, 3, 50]
510:[26, 9, 2, 25]
511:[27, 1, 3, 4, 15]
512:[46, 6, 0, 2, 55]
513:[49, 1, 14, 37, 43]
514:[17, 14, 37]
515:[58, 19, 2, 85]
516:[47, 29, 14, 89]
517:[65, 28, 5, 84]
518:[63, 45]
519:[70, 0, 2, 10]
520:[43, 37, 14, 39]
521:[45, 2, 9, 57]
522:[74, 6, 34]
523:[30, 79, 2, 9, 91]
524:[59, 10, 2, 22, 47]
525:[5, 28, 61]
526:[49, 2, 45, 61]
527:[40, 5, 1, 12]
528:[56, 36, 30, 79]
529:[63, 2, 1, 12, 95]
530:[5, 3, 66]
531:[88, 1, 12, 36]
532:[55, 23, 54, 94]
533:[77, 5, 1, 27, 87]
534:[11, 10, 23, 54, 94]
535:[18, 5, 40]
536:[58, 19, 9, 72, 69]
537:[62, 1, 64]
538:[3, 2, 22, 47]
539:[11, 10, 6, 34]
540:[1, 14, 37, 74]
541:[87, 27, 9, 72, 69]
542:[71, 37, 10, 23, 73]
543:[48, 14, 37, 74]
544:[22, 2, 9, 83]
545:[1, 3, 54, 90]
546:[38, 9, 2, 10]
547:[55, 2]
548:[18, 5, 3]
549:[21, 5, 3, 54, 90]
550:[2, 10, 11]
551:[85, 3, 4]
552:[73, 23, 14, 75]
553:[73, 70, 0, 4]
554:[81, 2, 9, 57]
555:[29, 9, 2, 3, 97]
556:[67, 45, 2, 1, 64]
557:[69, 67, 45, 2, 14, 18]
558:[77, 66, 3, 92, 30, 43]
559:[16, 12, 1, 27, 87]
560:[52, 10, 37]
561:[42, 10, 24]
562:[52, 4, 3, 12]
563:[62, 1, 3, 66]
564:[91, 9, 2, 1, 60, 78]
565:[12, 1, 88]
566:[17, 7, 5, 77]
567:[56, 4, 0, 2, 19]
568:[15, 6, 10, 11]
569:[60, 1, 3, 66]
570:[10, 2, 1, 35]
571:[78, 76, 64, 3, 4, 24]
572:[75, 14, 1, 5, 28]
573:[10, 2, 9, 86]
574:[8, 1, 12, 36]
575:[23, 10, 2, 22]
576:[74, 37, 10, 11, 13]
577:[99, 5, 7, 26]
578:[49, 1, 14, 17]
579:[80, 72, 69, 36]
580:[83, 9, 2, 45, 67]
581:[30, 79, 2, 9, 91]
582:[58, 14, 23, 65]
583:[15, 4, 0, 25]
584:[7, 9, 38]
585:[39, 11, 10, 6, 15]
586:[66, 3, 2, 9, 72]
587:[48, 1, 49]
588:[94, 60, 1, 5, 32, 68]
589:[30, 92, 3, 54]
590:[7, 9, 83]
591:[61, 45, 2]
592:[11, 10, 40, 89]
593:[49, 1, 3, 66]
594:[67, 45, 2, 1, 35]
595:[67, 69, 36, 30, 98]
596:[87, 23, 10, 32]
597:[71, 37, 14, 1, 12]
598:[9, 2, 14]
599:[92, 3, 2, 55]
600:[11, 7, 3, 12, 36]
601:[57, 37, 14, 48]
602:[36, 12, 1, 2, 25]
603:[59, 3, 4, 56]
604:[58, 19, 2, 0, 4, 56]
605:[30, 15]
606:[41, 16, 20, 44, 70]
607:[2, 0, 4, 56]
608:[53, 3, 59]
609:[74, 37, 14, 1, 12]
610:[18, 5, 7, 11]
611:[44, 24, 10, 52]
612:[30, 43, 37, 57]
613:[4, 0, 2, 14, 89]
614:[20, 30, 79]
615:[64, 1, 2, 0]
616:[40, 10, 2, 51]
617:[81, 2, 1, 12, 95]
618:[96, 20, 30, 43, 37]
619:[36, 12, 1, 5, 32]
620:[70, 0, 2, 49]
621:[38, 9, 2, 0, 4]
622:[61, 28]
623:[11, 13]
624:[89, 14, 17]
625:[73, 23, 14, 75]
626:[93, 16, 12, 3, 92]
627:[13, 1, 3, 54]
628:[76, 64, 1, 14, 29]
629:[65, 23, 54]
630:[95, 21, 5, 84]
631:[15, 30, 36]
632:[44, 24, 10, 2, 55]
633:[70, 0, 2, 1, 35]
634:[44, 20, 12, 36]
635:[31, 13, 1, 14, 58]
636:[50, 9, 7, 46]
637:[13, 1, 3, 4]
638:[52, 10, 2, 1, 48]
639:[79, 2, 9, 86]
640:[16, 22, 2, 25]
641:[58, 19, 2, 79, 30, 98]
642:[88, 1, 2, 10, 24]
643:[49, 1, 3, 66]
644:[50, 9, 19]
645:[38, 9, 7]
646:[74, 6, 45, 82]
647:[6, 0, 2, 22]
648:[61, 45, 2, 79]
649:[13, 1, 3, 97]
650:[41, 16, 12, 36, 56]
651:[98, 30, 15, 6, 66]
652:[52, 10, 2, 55]
653:[11, 10, 2, 8]
654:[53, 3, 1, 62]
655:[84, 5, 3, 97]
656:[1, 5, 32]
657:[62, 1, 3, 50]
658:[89, 14, 88]
659:[76, 5, 40]
660:[56, 4, 24, 44]
661:[99, 5, 7, 9, 83]
662:[68, 32, 5, 3, 97]
663:[70, 0, 4, 52]
664:[33, 3, 2, 81]
665:[12, 36, 69, 67]
666:[54, 94]
667:[42, 10, 6, 15]
668:[95, 12, 3, 50]
669:[61, 28, 5, 76, 78]
670:[81, 2, 85]
671:[39, 14, 21]
672:[95, 12, 16, 96]
673:[78, 76, 5, 21, 95]
674:[37, 10, 11]
675:[34, 6, 46, 71]
676:[25, 2, 8]
677:[84, 5, 7, 11]
678:[84, 5, 16, 96, 98]
679:[86, 9, 2, 3]
680:[91, 9, 2, 49]
681:[9, 2, 10, 52]
682:[67, 45, 6, 66, 77]
683:[42, 2, 49]
684:[0, 2, 10, 40]
685:[81, 2, 0, 6, 74]
686:[88, 1, 5, 76]
687:[12, 1, 14, 75]
688:[28, 27, 9, 72, 80]
689:[38, 9, 2, 81]
690:[78, 60, 1, 12, 36, 69]
691:[54, 3, 5, 76]
692:[14, 2, 79]
693:[54, 23, 14, 75]
694:[99, 5, 7]
695:[11, 10, 2, 8, 41]
696:[89, 40, 10, 6, 66]
697:[40, 10, 23, 73]
698:[29, 47, 67, 90]
699:[42, 2, 14, 17]
