0:[67, 47, 84, 5]
1:[38, 9, 2, 3, 59]
2:[63, 2, 1, 12, 36]
3:[51, 1, 3, 59]
4:[37, 10, 2, 55]
5:[85, 2, 45, 67]
6:[95, 21, 5, 32, 68]
7:[1, 12, 36, 69]
8:[51, 1, 5, 32, 68]
9:[32, 10, 2, 9, 38]
10:[32, 10, 6, 34]
11:[29, 9, 7]
12:[34, 19, 2, 1, 12, 95]
13:[72, 9, 2, 10, 32]
14:[13, 1, 5, 99]
15:[95, 12, 1, 2]
16:[80, 72, 69, 36, 30]
17:[65, 28, 5, 35]
18:[82, 25, 0, 70, 44, 20]
19:[73, 70, 0, 6, 74]
20:[29, 9, 2, 10]
21:[16, 5, 35]
22:[72, 9, 19, 34]
23:[99, 14, 86]
24:[71, 37, 14, 1, 35]
25:[52, 10, 2, 45, 61]
26:[89, 14, 75]
27:[64, 3, 92]
28:[18, 14, 17]
29:[22, 2, 1, 60, 94]
30:[58, 19, 2, 0, 70, 44]
31:[94, 60, 1, 5]
32:[68, 6, 34, 19]
33:[46, 6, 10, 23, 87]
34:[46, 6, 34, 19]
35:[60, 1, 5, 28]
36:[16, 5, 7, 17]
37:[98, 30, 43, 37, 14, 58]
38:[22, 2, 0]
39:[28, 5, 3, 4, 56]
40:[18, 5, 1, 64]
41:[50, 9, 7, 46]
42:[79, 2, 9, 83]
43:[6, 10, 23, 87]
44:[19, 2, 10, 24]
45:[29, 9, 27, 87]
46:[2, 0, 70, 44]
47:[79, 2, 9, 26]
48:[17, 14, 29, 38]
49:[93, 16, 20, 30]
50:[73, 23, 14, 29, 38]
51:[49, 2, 9, 26]
52:[55, 2, 14, 99]
53:[65, 23, 10, 2, 0]
54:[77, 5]
55:[16, 20, 30, 79]
56:[63, 45, 61]
57:[38, 9, 7, 17]
58:[89, 40, 10, 6, 68]
59:[84, 5, 1]
60:[17, 14, 89, 40]
61:[94, 54, 23, 10]
62:[72, 9, 2, 10, 40]
63:[30, 20, 16, 5, 77]
64:[93, 16, 5, 7, 17]
65:[59, 3, 54, 94]
66:[33, 3, 54]
67:[15, 4, 0, 2, 14, 75]
68:[8, 1, 64]
69:[45, 2, 9, 86]
70:[24, 4, 3, 97]
71:[86, 14, 1, 13]
72:[69, 36, 30, 15]
73:[96, 16, 22, 2, 55]
74:[1, 5, 32]
75:[46, 7, 26]
76:[66, 6, 74]
77:[10, 32, 5, 76]
78:[96, 16, 12, 1, 64]
79:[12, 1, 14, 89]
80:[77, 5, 1, 51]
81:[13, 31]
82:[88, 1, 60]
83:[4, 3, 5, 40]
84:[82, 45, 67, 69]
85:[96, 16, 22, 47]
86:[53, 3, 2, 81]
87:[78, 60, 1, 12, 36, 69]
88:[79, 30, 98]
89:[33, 3, 2, 42]
90:[48, 1, 2, 19]
91:[23, 10, 2, 63]
92:[36, 12, 1, 48]
93:[53, 7, 17]
94:[13, 1, 3, 4, 56]
95:[17, 14, 2, 79, 30, 98]
96:[37, 10, 2, 45, 61]
97:[7, 3, 4, 15]
98:[65, 28, 27, 9, 72, 69]
99:[45, 2, 1, 27]
