0:[67, 47, 84, 5]
1:[38, 9, 2, 3, 59]
2:[63, 2, 1, 12, 36]
3:[51, 1, 3, 59]
4:[37, 10, 2, 55]
5:[85, 2, 45, 67]
6:[95, 21, 5, 32, 68]
7:[1, 12, 36, 69]
8:[51, 1, 5, 32, 68]
9:[32, 10, 2, 9, 38]
10:[32, 10, 6, 34]
11:[29, 9, 7]
12:[34, 19, 2, 1, 12, 95]
13:[72, 9, 2, 10, 32]
14:[13, 1, 5, 99]
15:[95, 12, 1, 2]
16:[80, 72, 69, 36, 30]
17:[65, 28, 5, 35]
18:[82, 25, 0, 70, 44, 20]
19:[73, 70, 0, 6, 74]
20:[29, 9, 2, 10]
21:[16, 5, 35]
22:[72, 9, 19, 34]
23:[99, 14, 86]
24:[71, 37, 14, 1, 35]
25:[52, 10, 2, 45, 61]
26:[89, 14, 75]
27:[64, 3, 92]
28:[18, 14, 17]
29:[22, 2, 1, 60, 94]
30:[58, 19, 2, 0, 70, 44]
31:[94, 60, 1, 5]
32:[68, 6, 34, 19]
33:[46, 6, 10, 23, 87]
34:[46, 6, 34, 19]
35:[60, 1, 5, 28]
36:[16, 5, 7, 17]
37:[98, 30, 43, 37, 14, 58]
38:[22, 2, 0]
39:[28, 5, 3, 4, 56]
40:[18, 5, 1, 64]
41:[50, 9, 7, 46]
42:[79, 2, 9, 83]
43:[6, 10, 23, 87]
44:[19, 2, 10, 24]
45:[29, 9, 27, 87]
46:[2, 0, 70, 44]
47:[79, 2, 9, 26]
48:[17, 14, 29, 38]
49:[93, 16, 20, 30]
50:[73, 23, 14, 29, 38]
51:[49, 2, 9, 26]
52:[55, 2, 14, 99]
53:[65, 23, 10, 2, 0]
54:[77, 5]
55:[16, 20, 30, 79]
56:[63, 45, 61]
57:[38, 9, 7, 17]
58:[89, 40, 10, 6, 68]
59:[84, 5, 1]
60:[17, 14, 89, 40]
61:[94, 54, 23, 10]
62:[72, 9, 2, 10, 40]
63:[30, 20, 16, 5, 77]
64:[93, 16, 5, 7, 17]
65:[59, 3, 54, 94]
66:[33, 3, 54]
67:[15, 4, 0, 2, 14, 75]
68:[8, 1, 64]
69:[45, 2, 9, 86]
70:[24, 4, 3, 97]
71:[86, 14, 1, 13]
72:[69, 36, 30, 15]
73:[96, 16, 22, 2, 55]
74:[1, 5, 32]
75:[46, 7, 26]
76:[66, 6, 74]
77:[10, 32, 5, 76]
78:[96, 16, 12, 1, 64]
79:[12, 1, 14, 89]
80:[77, 5, 1, 51]
81:[13, 31]
82:[88, 1, 60]
83:[4, 3, 5, 40]
84:[82, 45, 67, 69]
85:[96, 16, 22, 47]
86:[53, 3, 2, 81]
87:[78, 60, 1, 12, 36, 69]
88:[79, 30, 98]
89:[33, 3, 2, 42]
90:[48, 1, 2, 19]
91:[23, 10, 2, 63]
92:[36, 12, 1, 48]
93:[53, 7, 17]
94:[13, 1, 3, 4, 56]
95:[17, 14, 2, 79, 30, 98]
96:[37, 10, 2, 45, 61]
97:[7, 3, 4, 15]
98:[65, 28, 27, 9, 72, 69]
99:[45, 2, 1, 27]
100:[21, 5, 7, 26]
101:[95, 12, 36, 56]
102:[47, 67, 45, 61]
103:[41, 8, 1, 48]
104:[91, 9, 2, 3, 66]
105:[27, 1, 2, 79, 30]
106:[24, 10, 2, 9, 91]
107:[17, 7]
108:[51, 1, 5]
109:[53, 3, 12]
110:[86, 14, 60, 78]
111:[45, 6, 15]
112:[94, 54, 3, 4, 15]
113:[79, 30, 20]
114:[24, 4, 3]
115:[17, 14, 1, 12]
116:[71, 37, 10, 23, 65]
117:[98, 30, 79]
118:[55, 2, 1, 48]
119:[12, 36, 69, 67]
120:[69, 36, 12, 1, 60, 78]
121:[76, 64, 1, 13, 31]
122:[95, 12, 97]
123:[45, 2, 3, 59]
124:[96, 16, 5, 77]
125:[76, 5, 32, 68]
126:[6, 0, 70, 80]
127:[57, 37, 71]
128:[60, 1, 64]
129:[9, 2, 1, 60]
130:[11, 10, 37, 57]
131:[35, 1, 13]
132:[16, 12, 1, 64]
133:[74, 6, 34]
134:[40, 10, 2, 0, 70]
135:[77, 5, 18]
136:[74, 37, 10]
137:[13, 1, 2, 25, 82]
138:[25, 2, 1, 60, 94]
139:[74, 37, 14]
140:[29, 9, 2, 10]
141:[64, 1, 2, 9]
142:[83, 9, 29]
143:[10, 2, 1, 35]
144:[21, 5, 18]
145:[53, 3, 1, 14]
146:[39, 14, 1, 49]
147:[74, 6, 34, 19]
148:[58, 14, 23, 54, 90]
149:[58, 14, 39]
150:[90, 54, 3, 5, 77]
151:[59, 10, 2, 9, 91]
152:[51, 1, 5, 32]
153:[28, 5, 32, 10]
154:[45, 2, 0, 70, 44]
155:[83, 9, 2, 22]
156:[18, 5, 1, 64]
157:[18, 5, 1, 12]
158:[17, 14, 23]
159:[63, 2, 42]
160:[11, 10, 42]
161:[57, 9, 2, 8]
162:[44, 20, 16, 22, 47]
163:[16, 12, 1, 14]
164:[33, 3, 5, 32]
165:[57, 37, 43, 30, 20]
166:[13, 1, 51]
167:[76, 64, 3, 85]
168:[18, 5, 1]
169:[20, 30, 15]
170:[56, 36, 12, 1, 35]
171:[31, 13, 1, 5, 18]
172:[99, 14, 2, 45]
173:[51, 2, 10, 24]
174:[94, 54, 3, 4, 6]
175:[36, 12, 1, 13, 31]
176:[50, 3, 1, 13]
177:[46, 6, 68]
178:[7, 26]
179:[80, 72, 9, 50]
180:[19, 2, 3, 97]
181:[63, 2, 9, 29]
182:[7, 3, 54, 23, 73]
183:[44, 24, 10, 2, 45, 61]
184:[27, 1, 3]
185:[2, 42]
186:[77, 5, 21]
187:[50, 9]
188:[14, 2, 63]
189:[76, 5, 16, 93]
190:[57, 9, 2, 0, 4]
191:[27, 9, 72, 69]
192:[83, 9, 2, 3, 33]
193:[46, 7, 5, 18]
194:[78, 60, 1, 27, 87]
195:[68, 6, 0, 25]
196:[74, 37, 10, 52]
197:[81, 2, 3, 7]
198:[40, 10, 2, 81]
199:[99, 5, 84, 47, 67]
200:[48, 14, 37, 43]
201:[6, 33]
202:[80, 70, 44, 20, 96]
203:[64, 1, 35]
204:[81, 22, 16, 20]
205:[32, 5, 1, 88]
206:[71, 46, 6, 45, 82]
207:[38, 9, 19, 34]
208:[88, 1, 3, 53]
209:[58, 19, 2, 8]
210:[74, 37, 43]
211:[17, 14, 23, 87]
212:[10, 32, 5, 84]
213:[82, 25, 2, 14]
214:[63, 45, 6, 68]
215:[88, 14]
216:[92, 3, 5, 84]
217:[72, 9, 2, 10, 40]
218:[86, 9, 2, 55]
219:[65, 28, 61, 45, 82]
220:[0, 2, 22, 47]
221:[97, 3, 5, 21]
222:[12, 1, 2, 9]
223:[40, 10, 2, 8]
224:[27, 1, 2, 42, 93]
225:[50, 9, 57, 37, 43]
226:[78, 60, 1, 2, 25]
227:[74, 37, 10, 2, 81]
228:[35, 1, 2, 45, 67]
229:[49, 1, 3, 92]
230:[74, 37]
231:[62, 1, 3]
232:[49, 2, 9, 26]
233:[70, 0, 4, 56]
234:[70, 0, 2, 10, 40]
235:[57, 9, 2, 42]
236:[28, 5, 40, 89]
237:[9, 2, 0, 6]
238:[0, 2, 9, 57]
239:[68, 32, 10]
240:[3, 12]
241:[13, 1, 2, 25]
242:[73, 70, 0, 4, 56]
243:[32, 10, 24]
244:[71, 46]
245:[70, 0, 6]
246:[87, 27, 1, 5, 16]
247:[24, 10, 2, 55]
248:[40, 10, 23, 54]
249:[27, 1, 14, 39]
250:[98, 96, 16, 12, 95]
251:[62, 1, 2, 9, 38]
252:[41, 8, 2, 19, 34]
253:[10, 32, 5, 76]
254:[58, 19, 2, 42]
255:[59, 10, 2, 22, 31]
256:[7, 17]
257:[10, 6, 66]
258:[2, 9, 83]
259:[75, 14]
260:[36, 69]
261:[74, 37, 71]
262:[3, 2, 22]
263:[53, 7]
264:[53, 7, 46]
265:[97, 3, 1, 60, 78]
266:[54, 3, 4, 24, 44]
267:[98, 30, 43]
268:[34, 19, 2, 3, 92]
269:[76, 64, 1, 2]
270:[25, 2, 45]
271:[53, 7]
272:[38, 9, 2, 0, 4, 56]
273:[95, 12, 3, 85]
274:[25, 0, 70, 44, 20]
275:[7, 3, 2, 45]
276:[94, 60, 1, 8, 41]
277:[45, 2, 10, 23]
278:[60, 1, 3, 4, 15]
279:[75, 14, 37, 57]
280:[2, 0, 6, 74]
281:[88, 1, 51]
282:[60, 1, 2, 0]
283:[53, 3, 1, 60, 78]
284:[52, 10, 2, 22, 16, 96]
285:[88, 1, 2, 45, 67]
286:[57, 37, 10, 24]
287:[43, 30]
288:[75, 14, 37, 74]
289:[7, 17, 14]
290:[33, 3, 1, 27, 87]
291:[67, 47, 29]
292:[71, 37, 14, 29, 38]
293:[69, 36, 30, 79]
294:[71, 37, 10, 2, 79]
295:[86, 9, 2, 0, 70]
296:[23, 10, 6, 33]
297:[83, 9, 26]
298:[70, 0, 2, 3, 7]
299:[75, 14, 1, 3, 50]
