0:[2, 3, 43]
1:[49, 1, 2, 11, 37]
2:[41, 9, 6, 17]
3:[14, 1, 19]
4:[43, 32, 24, 12]
5:[46, 3, 11]
6:[30, 27]
7:[13, 9, 1, 38]
8:[30, 27]
9:[29, 17, 4, 23]
10:[0, 2, 1, 19]
11:[26, 4, 3, 43]
12:[48, 2, 22, 42]
13:[29, 17, 4]
14:[0, 2, 1, 10]
15:[41, 9, 1, 14]
16:[6, 1, 5]
17:[18, 2, 23]
18:[25, 7, 15]
19:[22, 12, 45]
20:[28, 3, 11]
21:[4, 1, 2, 22]
22:[35, 4, 7, 25]
23:[13, 9, 1, 15]
24:[7, 3, 1, 19, 24]
25:[43, 3, 4, 17]
26:[20, 1, 2, 22]
27:[22, 12, 14]
28:[20, 1, 32, 36]
29:[30, 27, 2, 40]
30:[26, 4, 10]
31:[3, 1, 47]
32:[35, 4]
33:[26, 4, 1, 49, 34]
34:[28, 3, 4, 17, 29]
35:[27, 1, 3, 28]
36:[48, 2, 8, 12]
37:[24, 19, 42]
38:[25, 6, 1, 14]
39:[16, 4, 3]
40:[41, 9, 12, 45]
41:[9, 1, 27]
42:[39, 17, 4, 23]
43:[11, 2, 6, 17]
44:[22, 2, 11]
45:[9, 6, 17, 29]
46:[33, 14, 1, 49, 34]
47:[32, 24, 12, 35]
48:[49, 1, 32, 36]
49:[36, 32, 24, 12, 35]
50:[42, 19, 1, 32]
51:[11, 2, 1, 5]
52:[4, 18, 44]
53:[44, 18, 4, 17, 29]
54:[29, 25, 6, 2, 11, 37]
55:[11, 3, 45]
56:[33, 7, 3, 11, 37]
57:[37, 30, 22, 12, 24]
58:[24, 19, 1, 4, 17, 29]
59:[3, 4, 35]
60:[15, 1, 4, 16]
61:[45, 12, 26]
62:[35, 12, 14]
63:[36, 32, 24, 12, 45]
64:[1, 9, 13]
65:[47, 1, 2]
66:[0, 34, 31]
67:[27, 2, 48]
68:[13, 9, 1, 38]
69:[28, 14]
70:[48, 38, 39]
71:[48, 2, 1, 4, 26]
72:[47, 44]
73:[2, 1, 5]
74:[32, 36, 33]
75:[1, 3, 43]
76:[42, 19, 1, 32]
77:[8, 13]
78:[21, 2, 22]
79:[21, 6, 17, 39]
80:[2, 22, 30]
81:[3, 1, 5]
82:[22, 2, 6]
83:[13, 8, 2, 22]
84:[9, 41, 34]
85:[3, 2, 44]
86:[47, 1, 6, 25]
87:[24, 19, 1]
88:[3, 1, 5]
89:[1, 38]
90:[12, 9, 19, 31]
91:[36, 32, 24, 19]
92:[36, 32, 1, 9, 41]
93:[30, 27, 1, 19]
94:[27, 1, 6, 25]
95:[20, 1, 4, 35]
96:[38, 1, 4, 26]
97:[20, 6, 25]
98:[38, 3, 46]
99:[20, 1]
