0:[42, 22, 12, 35]
1:[29, 25, 6, 2, 44]
2:[20, 1, 27]
3:[17, 4, 3, 46]
4:[0, 2, 1, 32, 36]
5:[19, 1, 3, 45]
6:[40, 2, 3, 28]
7:[13, 9, 1, 32, 36]
8:[39, 17, 4, 18]
9:[3, 4, 17]
10:[11, 3, 45]
11:[45, 12, 9]
12:[32, 24, 19]
13:[36, 32, 1, 38, 39]
14:[3, 2, 18]
15:[14, 1, 2, 0]
16:[19, 1, 32, 36]
17:[0, 2]
18:[41, 9, 1, 4, 16]
19:[28, 3, 1, 27]
20:[23, 2, 1, 49]
21:[43, 32, 1, 20]
22:[8, 12, 45]
23:[27, 1, 3, 31]
24:[15, 1, 19, 42]
25:[23, 2, 1, 14]
26:[9, 12, 24]
27:[25, 6, 1, 38]
28:[6, 1, 38]
29:[10, 1, 3, 28]
30:[12, 9, 1]
31:[30, 27, 1, 3, 28]
32:[38, 1, 2, 18]
33:[34, 0, 2, 18]
34:[28, 3, 1, 27, 30]
35:[14, 1, 19]
36:[33, 14, 12, 26]
37:[0, 2, 1, 4]
38:[21, 2, 1, 49]
39:[39, 38, 1, 47]
40:[12, 9, 6]
41:[39, 17, 6, 9]
42:[36, 33, 14, 28]
43:[15, 7, 40]
44:[12, 8, 4, 7]
45:[6, 9]
46:[46, 3, 1, 9, 41]
47:[27, 1, 3]
48:[4, 1, 38]
49:[15, 1, 9, 41]
50:[2, 1, 49]
51:[16, 4, 3, 11, 37]
52:[38, 48]
53:[30, 27, 1, 49, 34]
54:[26, 4, 3, 11, 37]
55:[40, 2, 1, 5]
56:[10, 4]
57:[48, 2, 3, 28]
58:[35, 4, 3, 11, 37]
59:[22, 2, 1, 4, 16]
60:[2, 1, 19]
61:[20, 1, 2, 40]
62:[11, 2, 6, 17]
63:[11, 2, 1, 32]
64:[2, 48]
65:[32, 1, 2, 48]
66:[0, 2, 6, 25]
67:[26, 12, 45]
68:[42, 19, 1, 3, 28]
69:[46, 3, 45]
70:[43, 3, 46]
71:[10, 1, 2, 40]
72:[41, 34, 49]
73:[48, 2, 6, 17, 29]
74:[47, 1, 2, 22]
75:[11, 2, 1, 19]
76:[37, 30, 22, 12]
77:[44, 2, 3, 28]
78:[34, 0, 2, 44]
79:[39, 17, 29]
80:[47, 1, 2, 8]
81:[41, 9, 1, 15]
82:[42, 19]
83:[41, 9, 1, 2, 23]
84:[30, 27, 1, 9]
85:[8, 12, 24]
86:[30, 27, 1, 47]
87:[23, 2, 3, 31]
88:[13, 8, 2, 40]
89:[4, 10]
90:[43, 3, 2, 22]
91:[14, 1, 6, 25]
92:[48, 2, 23]
93:[46, 3, 2, 40]
94:[6, 1, 38]
95:[22, 2, 8]
96:[15, 1, 2, 44]
97:[31, 3, 2, 8]
98:[24, 19, 1, 4]
99:[49, 1, 14]
100:[34, 0]
101:[7, 4, 5]
102:[8, 4, 35]
103:[9, 1, 2, 40]
104:[46, 3, 2, 40]
105:[43, 3, 7, 25]
106:[46, 3, 31, 34]
107:[17, 4, 3, 11, 37]
108:[10, 1, 3]
109:[41, 9, 1, 47]
110:[42, 22, 30, 37]
111:[17, 4, 3, 11, 37]
112:[28, 3, 31]
113:[13, 8, 4, 5]
114:[10, 1, 2]
115:[16, 4, 3, 11, 37]
116:[8, 2, 27]
117:[2, 1, 20]
118:[45, 3, 4, 17]
119:[23, 2, 40]
120:[30, 27, 1, 3, 31]
121:[23, 2, 40]
122:[42, 19, 31]
123:[38, 3, 11, 37]
124:[47, 1, 9, 12]
125:[10, 1, 3, 46]
126:[8, 2, 22, 30]
127:[48, 2, 1, 4, 35]
128:[0, 2, 8]
129:[26, 4, 5]
130:[19, 1, 4, 17, 29]
131:[12, 22]
132:[32, 1, 49]
133:[5, 4, 18]
134:[31, 3, 45]
135:[21, 6, 17]
136:[10, 16]
137:[4, 3, 43]
138:[13, 8, 2, 22, 30]
139:[9, 6, 25]
140:[35, 4, 1, 20]
141:[6, 1, 3, 45]
142:[16, 10, 1, 2]
143:[21, 2, 11, 37]
144:[47, 1, 2, 40]
145:[35, 4, 1, 49]
146:[10, 4, 23]
147:[17, 4, 3, 11]
148:[12, 22, 30, 37]
149:[28, 14, 33, 36]
150:[12, 9, 6, 25]
151:[24, 19, 9, 13]
152:[0, 2, 22]
153:[38, 3, 45]
154:[6, 2, 11]
155:[5, 1, 9, 41]
156:[37, 30, 22, 12, 24]
157:[8, 4, 10]
158:[26, 4, 35]
159:[26, 4, 18]
160:[15, 1, 3, 28]
161:[13, 8, 2, 3, 46]
162:[13, 8, 2, 3]
163:[44, 2, 1, 38]
164:[3, 4, 17]
165:[38, 39, 17, 29]
166:[44, 2, 3, 45]
167:[13, 9, 6, 25]
168:[24, 19, 1, 15]
169:[41, 34, 0]
170:[10, 4, 23]
171:[34, 31, 19, 42]
172:[31, 3, 38]
173:[32, 1, 2, 23]
174:[13, 9, 6]
175:[11, 3, 28]
176:[22, 2, 3, 28]
177:[24, 19, 42]
178:[45, 3]
179:[24, 19, 1, 4, 17]
180:[47, 1, 2, 22]
181:[23, 2, 8]
182:[9, 13]
183:[12, 24, 32, 43]
184:[24, 19, 1, 4, 17]
185:[19, 1, 49]
186:[2, 1, 47]
187:[40, 2, 1, 10]
188:[13, 8, 2, 22, 30]
189:[21, 2, 1, 15]
190:[30, 27, 1, 14]
191:[47, 1, 2, 23]
192:[31, 3, 45]
193:[29, 25, 6, 2, 11, 37]
194:[5, 1, 3, 46]
195:[22, 2, 1, 5]
196:[43, 32, 24]
197:[29, 25, 6, 2, 0]
198:[34, 0, 2, 11]
199:[6, 1, 5]
200:[8, 4, 17]
201:[13, 8, 2, 3, 28]
202:[28, 3, 1, 9]
203:[13, 9, 6, 25]
204:[31, 3, 43]
205:[8, 2, 3, 43]
206:[6, 2, 48]
207:[49, 1, 9]
208:[46, 3, 43]
209:[29, 25]
210:[23, 2, 44]
211:[29, 25, 6, 20]
212:[21, 2, 1]
213:[35, 4, 1, 2, 0]
214:[29, 25, 6, 1, 49]
215:[29, 25, 7, 3, 43]
216:[3, 2, 48]
217:[19, 1, 4, 16]
218:[7, 3, 2, 0]
219:[16, 10, 1, 19, 24]
220:[22, 2, 1, 38, 39]
221:[22, 12, 9, 41]
222:[7, 3, 11, 37]
223:[48, 2, 3, 46]
224:[48, 2, 6, 17, 29]
225:[32, 24, 19, 42]
226:[48, 2, 6, 17, 29]
227:[10, 1, 2, 11]
228:[49, 1, 38]
229:[15, 1, 4, 16]
230:[41, 34, 31]
231:[17, 4, 1, 27, 30]
232:[26, 4, 3, 46]
233:[26, 4, 1, 49]
234:[26, 12]
235:[39, 17, 4, 35]
236:[26, 4, 7]
237:[39, 38, 3, 46]
238:[29, 25, 6]
239:[29, 17, 39, 38]
240:[20, 1, 32]
241:[47, 1, 4, 17]
242:[43, 3, 2]
243:[45, 12, 26]
244:[2, 0]
245:[41, 9, 1, 14, 33]
246:[27, 1, 4]
247:[35, 4, 1, 2]
248:[40, 7, 4, 35]
249:[34, 31, 3, 28]
250:[40, 7, 33, 36]
251:[24, 19, 1, 2]
252:[27, 2, 40]
253:[34, 31, 3, 4, 16]
254:[27, 30]
255:[37, 11, 2, 1, 32]
256:[15, 1, 4]
257:[32, 43]
258:[21, 2, 3, 7]
259:[39, 17, 4, 8]
260:[17, 4, 7]
261:[36, 32, 1, 20]
262:[9, 1, 3, 7]
263:[8, 12]
264:[13, 8, 4, 7]
265:[41, 9, 1, 32]
266:[0, 2, 1, 38]
267:[10, 1, 3, 46]
268:[39, 17, 4, 8]
269:[3, 31]
270:[29, 25, 7, 3, 43]
271:[25, 6, 1, 27, 30]
272:[6, 1, 15]
273:[26, 12, 22, 30]
274:[4, 1, 2]
275:[15, 1, 3, 43]
276:[26, 4, 8, 13]
277:[46, 3, 1, 15]
278:[29, 25, 6, 9, 12]
279:[7, 33, 36]
280:[18, 2, 3, 45]
281:[40, 2, 1, 47]
282:[8, 4, 5]
283:[42, 19, 31, 34]
284:[16, 10, 1, 32, 36]
285:[8, 2, 1, 20]
286:[40, 2, 0]
287:[32, 24, 12, 8]
288:[29, 17, 4]
289:[40, 2, 1, 20]
290:[18, 2, 8, 12]
291:[23, 2, 1, 9]
292:[6, 1, 27]
293:[23, 2, 11, 37]
294:[1, 2, 23]
295:[41, 9, 1, 4, 16]
296:[22, 2, 1, 32]
297:[49, 1, 9, 13]
298:[28, 3, 2, 44]
299:[38, 1, 4, 26]
