0:[46, 3, 1, 6]
1:[21, 2, 3, 31]
2:[31, 3, 1, 47]
3:[5, 1, 49, 34]
4:[19, 1, 2, 18]
5:[6, 17, 39]
6:[2, 6, 17]
7:[27, 1]
8:[34, 0, 2, 23]
9:[6, 2, 48]
10:[44, 18, 4, 10]
11:[38, 1]
12:[29, 25, 6, 9, 13]
13:[8, 2, 6]
14:[10, 4, 26]
15:[37, 11, 3, 38]
16:[24, 19, 1, 6, 25]
17:[24, 19, 1, 4, 16]
18:[29, 25, 6, 1, 19]
19:[0, 2, 11, 37]
20:[19, 24]
21:[28, 3, 2, 8]
22:[18, 2, 22]
23:[2, 1, 5]
24:[38, 1, 4, 16]
25:[20, 1, 49, 34]
26:[30, 27, 2, 48]
27:[8, 2, 1, 32, 36]
28:[31, 3, 38, 39]
29:[13, 8, 4, 7]
30:[26, 4, 1, 2, 21]
31:[40, 7, 4]
32:[8, 4, 17]
33:[6, 17]
34:[30, 27, 1, 3, 31]
35:[30, 27, 1, 20]
36:[20, 1, 2, 11, 37]
37:[22, 2, 6, 17, 29]
38:[44, 2, 1, 14]
39:[6, 1, 49]
40:[21, 6, 17, 39]
41:[0, 2, 6, 17, 29]
42:[39, 38, 3, 31]
43:[41, 9, 6, 21]
44:[4, 1, 32]
45:[2, 1, 4]
46:[14, 1, 4]
47:[21, 2, 1, 19, 24]
48:[10, 1, 9, 13]
49:[18, 2, 1, 19, 24]
