0:[45, 3, 1, 6]
1:[34, 0, 2, 27]
2:[36, 32, 1, 4, 16]
3:[45, 3, 1, 47]
4:[42, 19, 1, 32, 36]
5:[12, 8, 2, 44]
6:[7, 3, 38, 39]
7:[13, 9, 19, 42]
8:[46, 3, 2, 40]
9:[1, 3, 31]
10:[25, 6, 2, 48]
11:[7, 4, 35]
12:[4, 26]
13:[46, 3, 4]
14:[22, 42]
15:[42, 19, 1, 27]
16:[0, 2, 1, 38]
17:[36, 32, 1, 27]
18:[43, 32, 1, 6]
19:[11, 2, 48]
20:[32, 24, 12, 22]
21:[17, 6, 2, 48]
22:[18, 4, 7, 33]
23:[19, 1, 2, 40]
24:[39, 38, 1, 19]
25:[45, 12, 8]
26:[39, 38, 1, 32, 36]
27:[21, 6, 17, 39]
28:[6, 2, 22]
29:[4, 17, 29]
30:[46, 3, 2, 22]
31:[23, 2, 1]
32:[10, 1, 3, 45]
33:[44, 2, 3, 43]
34:[45, 3, 38, 39]
35:[33, 36]
36:[38, 1, 20]
37:[44, 2, 1, 14]
38:[48, 2, 8, 13]
39:[5, 1, 6]
40:[48, 2, 3, 43]
41:[42, 22, 2, 40]
42:[30, 27, 1, 32, 36]
43:[25, 7, 3]
44:[7, 3, 38, 39]
45:[39, 38, 3, 11, 37]
46:[48, 2, 22]
47:[25, 6, 1]
48:[14, 1, 47]
49:[19, 1, 38]
50:[9, 19, 42]
51:[33, 14, 1, 6]
52:[47, 1, 3, 46]
53:[45, 3]
54:[24, 19, 31, 34]
55:[46, 3, 45]
56:[4, 7, 40]
57:[42, 19, 9, 41]
58:[37, 11, 2, 1, 14]
59:[39, 38, 1, 32, 36]
60:[33, 7, 3, 43]
61:[39, 38, 1, 19, 42]
62:[29, 25, 7, 3, 31]
63:[16, 10, 1, 19, 42]
64:[38, 3, 31]
65:[17, 4, 1, 14]
66:[14, 1, 3]
67:[28, 3, 2, 23]
68:[35, 12, 45]
69:[39, 17, 4, 8, 13]
70:[47, 1, 9]
71:[18, 4, 17, 39]
72:[42, 19, 1, 4, 17, 29]
73:[35, 12, 22, 30]
74:[37, 11, 3, 7, 33]
75:[43, 3, 2]
76:[47, 1, 4]
77:[47, 1, 32]
78:[35, 4, 16]
79:[38, 1, 2, 21]
80:[39, 38, 1, 27, 30]
81:[33, 14, 12, 45]
82:[28, 3, 4]
83:[46, 3, 4, 17]
84:[16, 10, 1, 19, 24]
85:[5, 4, 18]
86:[23, 4, 7]
87:[31, 3, 1, 32]
88:[19, 1, 38, 39]
89:[28, 3, 4, 17, 29]
90:[12, 8, 4, 17, 29]
91:[34, 31, 3, 4, 35]
92:[21, 2, 48]
93:[22, 12, 24]
94:[1, 9, 12]
95:[13, 8, 4, 16]
96:[40, 2, 1, 5]
97:[9, 19, 42]
98:[2, 1, 14]
99:[26, 4, 3, 46]
100:[15, 1, 3, 45]
101:[41, 9, 12, 35]
102:[16, 4, 3, 11, 37]
103:[47, 1, 2, 21]
104:[28, 3, 4, 35]
105:[5, 1, 27]
106:[11, 37, 30]
107:[7, 3, 1, 20]
108:[17, 4, 1, 32]
109:[13, 9, 6, 25]
110:[16, 4, 3, 28]
111:[46, 3, 38, 39]
112:[39, 38]
113:[31, 3, 28]
114:[4, 1, 2, 22]
115:[33, 7]
116:[33, 14, 1, 49, 34]
117:[5, 1, 6, 25]
118:[8, 12, 14]
119:[6, 1, 4]
120:[13, 8, 4, 16]
121:[5, 1, 38]
122:[41, 9, 1, 2]
123:[38, 3, 7]
124:[10, 1, 19, 24]
125:[16, 4, 18]
126:[43, 3, 2, 21]
127:[37, 11, 2, 21]
128:[41, 9, 12, 45]
129:[37, 11, 2, 21]
130:[43, 32, 1, 10]
131:[12, 35]
132:[41, 9, 1, 27]
133:[40, 7, 25]
134:[8, 2, 11]
135:[21, 2, 48]
136:[1, 2, 8]
137:[21, 2, 1]
138:[10, 1, 9, 13]
139:[35, 4, 1, 6]
140:[22, 2, 1, 38]
141:[18, 2, 8]
142:[20, 1, 2, 44]
143:[8, 2, 1, 32, 36]
144:[29, 25, 7, 33, 36]
145:[25, 6, 1, 27]
146:[1, 2, 44]
147:[7, 25]
148:[38, 3, 7]
149:[6, 1, 3]
