0:[15, 7, 40]
1:[41, 9, 1, 10]
2:[20, 1, 9, 13]
3:[44, 2, 22]
4:[40, 7]
5:[47, 1, 4, 26]
6:[45, 3, 1, 10]
7:[19, 1, 27, 30]
8:[47, 1, 4, 17, 29]
9:[38, 1, 2, 22]
10:[16, 4, 17, 39]
11:[29, 17, 4, 16]
12:[12, 8, 2, 18]
13:[32, 1, 3, 7]
14:[48, 2, 11]
15:[44, 2, 0]
16:[5, 1, 2, 40]
17:[5, 4]
18:[26, 4, 1, 38]
19:[48, 2, 18]
20:[31, 3, 4, 35]
21:[19, 1, 4, 26]
22:[2, 1, 5]
23:[48, 2, 1, 15]
24:[48, 2, 8, 12]
25:[20, 1, 38]
26:[13, 8, 2, 22]
27:[36, 33, 7, 25, 29]
28:[28, 3, 4, 17, 29]
29:[10, 4, 23]
30:[32, 24, 12, 45]
31:[35, 12, 22, 42]
32:[9, 6, 25]
33:[4, 1, 14]
34:[6, 1, 32]
35:[10, 1, 6, 25]
36:[12, 9, 19, 31]
37:[5, 1, 2, 22]
38:[36, 32, 24]
39:[16, 4, 17, 29]
40:[42, 19, 1, 32, 36]
41:[36, 32, 1, 2, 0]
42:[6, 1, 19, 24]
43:[37, 11, 2, 1, 20]
44:[0, 2, 22]
45:[28, 3, 1, 19, 42]
46:[14, 1, 2, 21]
47:[35, 4, 3, 28]
48:[5, 1, 14]
49:[14, 1, 3]
50:[20, 1, 2, 11]
51:[47, 1, 32]
52:[21, 2, 1, 4, 35]
53:[2, 3, 45]
54:[40, 2, 1, 38, 39]
55:[3, 2, 0]
56:[22, 2, 1, 4]
57:[44, 2, 3, 31]
58:[37, 11, 2, 1, 49]
59:[27, 1, 9]
60:[14, 12, 26]
61:[6, 9, 12]
62:[40, 7, 33, 36]
63:[1, 9, 41]
64:[41, 34]
65:[33, 14, 1, 2, 44]
66:[10, 1, 14, 33]
67:[23, 4, 5]
68:[32, 36]
69:[15, 1, 3, 46]
70:[27, 2]
71:[49, 1, 2, 40]
72:[43, 3, 46]
73:[9, 12]
74:[17, 4, 3, 46]
75:[6, 1, 10]
76:[20, 1, 27, 30]
77:[1, 3, 46]
78:[43, 32, 24, 19]
79:[36, 32, 24, 19]
80:[33, 7]
81:[15, 1, 20]
82:[49, 1, 3, 45]
83:[3, 2]
84:[47, 1, 3, 43]
85:[47, 1, 4]
86:[12, 9, 19]
87:[29, 25, 6, 1, 47]
88:[49, 1]
89:[2, 0]
90:[4, 1, 49]
91:[1, 20]
92:[38, 3, 46]
93:[9, 1, 2, 11]
94:[8, 2, 6, 25]
95:[45, 3, 11]
96:[18, 2, 3, 28]
97:[35, 12, 22, 30]
98:[48, 38, 39]
99:[22, 2]
100:[9, 19, 42]
101:[46, 3, 38, 39]
102:[38, 1, 2, 23]
103:[8, 2, 1, 19]
104:[8, 2, 44]
105:[5, 1, 27, 30]
106:[8, 4, 26]
107:[15, 1, 2, 18]
108:[41, 9, 12]
109:[23, 2, 48]
110:[31, 3, 43]
111:[30, 27, 1, 3]
112:[16, 10, 1, 38]
113:[4, 1, 14]
114:[10, 1, 5]
115:[47, 44, 18]
116:[22, 2, 3]
117:[20, 1, 2, 8]
118:[0, 2, 3, 28]
119:[4, 1, 2, 48]
120:[3, 1, 19, 42]
121:[18, 2, 22, 42]
122:[7, 3, 38]
123:[9, 1, 2, 18]
124:[0, 2, 3]
125:[1, 20]
126:[10, 1, 38, 39]
127:[19, 1, 38]
128:[8, 2, 3, 43]
129:[26, 4, 1, 15]
130:[44, 47]
131:[30, 27, 1, 4, 17]
132:[46, 3, 4, 26]
133:[5, 1, 6]
134:[18, 2, 48]
135:[36, 32, 1, 2, 0]
136:[49, 34, 31]
137:[22, 2, 1]
138:[8, 2, 1, 49]
139:[21, 2, 8, 12]
140:[4, 1]
141:[13, 8, 4, 17]
142:[29, 25, 7, 33]
143:[9, 12]
144:[10, 1, 3, 31]
145:[36, 32, 1, 2, 11]
146:[33, 7, 3, 11, 37]
147:[7, 4]
148:[15, 1, 2, 22]
149:[5, 1, 3, 31]
150:[9, 1, 3]
151:[16, 4, 3, 43]
152:[22, 2, 6, 17]
153:[8, 4, 17, 29]
154:[19, 24]
155:[1, 32]
156:[21, 2, 23]
157:[8, 12, 24]
158:[7, 3, 1, 19]
159:[22, 12, 24]
160:[23, 2, 1, 38]
161:[33, 7, 25, 29]
162:[44, 2, 6]
163:[0, 2, 1, 4, 35]
164:[14, 28]
165:[38, 1, 27]
166:[31, 3, 1, 32, 36]
167:[17, 4, 10]
168:[49, 34, 31]
169:[36, 32, 1, 9]
170:[30, 27, 2, 0]
171:[8, 4, 7]
172:[3, 43]
173:[3, 1, 32]
174:[0, 2, 1, 5]
175:[18, 2, 1, 9]
176:[26, 12, 14]
177:[18, 2, 1, 32]
178:[49, 1, 4, 16]
179:[24, 19, 9, 41]
180:[10, 1, 14]
181:[1, 49]
182:[26, 4, 17, 29]
183:[22, 2, 27]
184:[24, 12, 14]
185:[24, 19, 42]
186:[3, 1, 27]
187:[10, 4, 23]
188:[45, 3, 1, 5]
189:[17, 4, 8, 12]
190:[45, 3, 1, 32, 36]
191:[49, 1, 14]
192:[4, 8]
193:[27, 1, 4]
194:[49, 34, 0]
195:[3, 1, 10]
196:[21, 2, 3, 43]
197:[47, 1, 6, 25]
198:[1, 4]
199:[11, 2, 6, 17]
