0:[14, 1, 38]
1:[49, 1, 3, 46]
2:[22, 42, 19]
3:[5, 1, 9, 41]
4:[36, 32, 1, 27, 30]
5:[26, 4, 1, 49, 34]
6:[2, 44]
7:[38, 1, 9, 12]
8:[23, 2, 1, 19]
9:[28, 3, 45]
10:[33, 7, 3, 43]
11:[38, 1, 47]
12:[36, 32, 1, 5]
13:[28, 3, 38]
14:[9, 6, 21]
15:[42, 19, 1, 3, 43]
16:[23, 2, 22, 42]
17:[41, 9, 1, 2, 48]
18:[33, 7, 3]
19:[33, 14, 12, 26]
20:[43, 3, 2, 18]
21:[39, 38, 1, 19, 42]
22:[9, 1, 38, 39]
23:[35, 4, 18, 44]
24:[36, 32, 24, 12, 26]
25:[11, 2, 8, 13]
26:[46, 3, 4, 26]
27:[12, 8, 2]
28:[4, 7, 25]
29:[45, 3, 1, 49]
30:[1, 3, 7]
31:[7, 3, 1, 47]
32:[45, 3, 38, 39]
33:[43, 3, 2, 23]
34:[12, 22, 30, 37]
35:[1, 2, 22]
36:[22, 2, 21]
37:[17, 4, 7]
38:[44, 18, 4, 5]
39:[33, 14, 1, 2, 48]
40:[22, 2, 1, 38]
41:[2, 3, 7]
42:[15, 1, 9, 12]
43:[6, 2, 8]
44:[3, 1, 19, 42]
45:[8, 12]
46:[6, 1, 32]
47:[19, 31]
48:[41, 9, 1, 14, 33]
49:[12, 8, 2, 21]
50:[20, 1, 3, 46]
51:[16, 4, 8, 12]
52:[24, 19, 1, 4, 17, 29]
53:[41, 9, 1, 32, 36]
54:[43, 32, 1, 20]
55:[26, 4, 18, 44]
56:[24, 19, 1, 10]
57:[33, 14, 12]
58:[6, 1, 14, 33]
59:[34, 31, 19, 42]
60:[48, 2, 1, 14]
61:[42, 19, 1, 6, 25]
62:[16, 4, 3, 46]
63:[23, 2, 6]
64:[38, 1, 2, 21]
65:[4, 18, 44]
66:[45, 3, 1, 32]
67:[18, 2, 22, 30]
68:[38, 1, 9, 13]
69:[18, 2, 1, 38]
70:[37, 11, 3, 28]
71:[37, 30, 22, 12, 24]
72:[25, 6, 21]
73:[15, 1, 4, 16]
74:[1, 14]
75:[12, 8, 2]
76:[15, 1, 4, 17]
77:[44, 2, 1]
78:[36, 32, 1, 4, 17]
79:[34, 0, 2, 40]
80:[31, 3, 4]
81:[43, 3, 31, 34]
82:[18, 2, 1, 32, 36]
83:[40, 2, 44]
84:[12, 8, 2, 48]
85:[49, 1, 6, 25]
86:[38, 1, 5]
87:[33, 7, 3, 43]
88:[32, 1, 4]
89:[13, 8, 2, 27]
90:[1, 38]
91:[10, 1, 3, 31]
92:[1, 19, 24]
93:[15, 1, 49]
94:[33, 14, 12]
95:[10, 4, 18]
96:[30, 27, 1, 3]
97:[44, 18, 4, 17]
98:[5, 1, 9, 41]
99:[3, 2, 48]
100:[43, 3, 46]
101:[37, 11, 2, 6]
102:[40, 2, 1, 5]
103:[39, 17, 4, 5]
104:[10, 1, 19, 42]
105:[27, 1, 4, 26]
106:[18, 2, 1, 15]
107:[10, 1, 2, 21]
108:[37, 11, 2, 44]
109:[27, 1, 3, 31]
110:[33, 14, 1, 2]
111:[45, 3, 38]
112:[20, 1, 3]
113:[17, 6, 20]
114:[33, 7, 4, 17]
115:[36, 32, 1, 6]
116:[31, 3, 1, 27, 30]
117:[26, 12, 14]
118:[24, 32, 43]
119:[44, 2, 1]
120:[25, 7, 3, 45]
121:[35, 4, 8]
122:[2, 23]
123:[22, 2, 1, 4]
124:[7, 4, 5]
125:[2, 1, 49]
126:[12, 8, 4, 10]
127:[24, 19, 1, 4, 17]
128:[18, 2, 1, 49]
129:[24, 19, 42]
130:[21, 2, 8]
131:[28, 3, 2, 8]
132:[15, 1, 9, 13]
133:[18, 2, 3]
134:[21, 2, 3]
135:[25, 6, 1, 10]
136:[42, 19, 1, 6, 25]
137:[9, 6, 17, 29]
138:[46, 3, 7, 33]
139:[35, 4, 1, 2, 48]
140:[9, 19]
141:[40, 2, 1, 10]
142:[8, 2, 1, 49]
143:[4, 1, 38]
144:[43, 32, 1, 27, 30]
145:[18, 2, 1, 9]
146:[17, 4, 18]
147:[27, 1, 47]
148:[31, 3, 38, 39]
149:[49, 1, 2, 18]
150:[4, 3, 43]
151:[48, 2, 1, 49]
152:[12, 14]
153:[15, 1, 4]
154:[37, 11, 3, 7, 33]
155:[40, 2, 6]
156:[0, 34, 31]
157:[35, 12, 9, 41]
158:[40, 7, 15]
159:[9, 12, 22]
160:[35, 4, 1, 19]
161:[8, 4, 10]
162:[14, 1, 6, 25]
163:[17, 4]
164:[6, 1, 3, 43]
165:[27, 1, 3, 45]
166:[7, 40]
167:[31, 34, 49]
168:[49, 34, 31]
169:[21, 6, 17, 29]
170:[2, 1, 14, 33]
171:[30, 27, 1, 49, 34]
172:[8, 2, 0]
173:[15, 1, 10]
174:[39, 17, 4, 18, 44]
175:[10, 1, 27, 30]
176:[25, 6, 2, 11, 37]
177:[19, 1, 2, 21]
178:[14, 1, 47]
179:[24, 19, 1, 2]
180:[4, 8]
181:[30, 27, 1, 10]
182:[13, 8, 4, 7]
183:[8, 2, 23]
184:[23, 2, 1, 15]
185:[6, 1, 3, 45]
186:[37, 11, 2, 1, 10]
187:[36, 32, 1]
188:[30, 27, 1, 3, 28]
189:[17, 4, 1, 19]
190:[7, 4, 23]
191:[2, 3, 43]
192:[39, 17, 6, 20]
193:[13, 8, 2, 27]
194:[25, 7, 3, 28]
195:[22, 12, 45]
196:[38, 3, 31]
197:[1, 14]
198:[2, 1, 47]
199:[16, 4, 7]
200:[36, 32, 1, 2, 18]
201:[32, 24, 19, 31]
202:[39, 17, 4, 18]
203:[34, 0, 2, 21]
204:[3, 46]
205:[32, 1, 38, 39]
206:[3, 4]
207:[3, 1]
208:[30, 22, 12, 26]
209:[32, 1, 4, 16]
210:[19, 1, 2, 0]
211:[1, 49]
212:[11, 2, 0, 34, 41]
213:[13, 8, 2, 48]
214:[21, 2, 8]
215:[17, 4, 5]
216:[10, 1, 2, 0]
217:[35, 4, 5]
218:[40, 2, 8, 12]
219:[47, 1]
220:[36, 32, 24, 19, 31]
221:[46, 3, 2]
222:[28, 3, 2, 22]
223:[29, 25, 6, 1, 19]
224:[3, 38, 39]
225:[15, 1, 49, 34]
226:[24, 12, 35]
227:[27, 1, 9]
228:[9, 1, 2, 23]
229:[41, 9, 1]
230:[28, 14, 33]
231:[13, 8, 4, 7]
232:[14, 1, 4, 17]
233:[37, 11, 3, 31]
234:[2, 11]
235:[7, 4, 8, 13]
236:[40, 2, 3, 28]
237:[27, 2, 48]
238:[47, 1, 6]
239:[47, 1, 38]
240:[11, 2, 1, 19, 24]
241:[39, 17, 6, 2, 0]
242:[18, 2, 3, 46]
243:[7, 3, 2, 22]
244:[0, 2, 22, 42]
245:[26, 12]
246:[5, 4, 35]
247:[19, 1, 2, 44]
248:[42, 22, 2, 40]
249:[37, 30, 22, 42]
