0:[46, 3, 1, 10]
1:[13, 8, 4, 10]
2:[19, 1, 3]
3:[11, 3, 38]
4:[16, 4, 8, 13]
5:[7, 4]
6:[2, 1, 20]
7:[2, 1, 38]
8:[14, 1, 2, 11, 37]
9:[5, 1, 2, 44]
10:[13, 8, 2, 22, 30]
11:[37, 11, 2, 1, 32]
12:[37, 11, 2, 0, 34]
13:[10, 4, 7]
14:[3, 1, 47]
15:[31, 3, 4, 16]
16:[44, 18, 4, 35]
17:[38, 1, 2, 40]
18:[36, 33, 7]
19:[0, 2, 3, 7]
20:[6, 1, 14]
21:[22, 42]
22:[49, 1, 9, 12]
23:[22, 2, 1, 49]
24:[6, 1]
25:[12, 9, 1, 20]
26:[30, 27, 1, 38, 39]
27:[29, 25, 6, 9, 12]
28:[1, 3, 43]
29:[42, 19, 1, 32, 36]
30:[11, 2, 0]
31:[42, 19, 9]
32:[35, 4, 1, 15]
33:[13, 9, 1, 32, 36]
34:[12, 22]
35:[1, 2]
36:[49, 1, 4]
37:[13, 8, 2, 0]
38:[31, 3, 1, 6]
39:[2, 3, 31]
40:[47, 1, 4, 17]
41:[37, 11, 2, 8]
42:[16, 4, 3, 45]
43:[46, 3, 28]
44:[2, 1, 19, 24]
45:[24, 32, 36]
46:[31, 3, 11, 37]
47:[9, 1, 20]
48:[11, 3, 45]
49:[38, 1, 49]
50:[31, 3, 4]
51:[27, 1, 9, 12]
52:[0, 2, 40]
53:[0, 34, 41]
54:[39, 17, 4, 8]
55:[30, 22, 12, 24]
56:[12, 8, 4]
57:[31, 3, 45]
58:[1, 2]
59:[25, 6, 1, 19]
60:[0, 2, 3, 45]
61:[35, 4, 7]
62:[29, 25, 7, 3, 28]
63:[39, 17, 6, 25]
64:[12, 24, 32, 43]
65:[3, 2, 21]
66:[6, 2, 18]
67:[42, 19, 1, 3, 28]
68:[47, 1, 32]
69:[8, 4, 35]
70:[33, 7, 4]
71:[35, 4, 1, 49, 34]
72:[2, 3, 28]
73:[30, 27, 1, 3, 31]
74:[23, 2, 3, 46]
75:[32, 24, 12, 22]
76:[5, 1, 38]
77:[26, 4, 3, 11]
78:[24, 19, 42]
79:[37, 11, 2, 21]
80:[6, 1, 4, 26]
81:[45, 3, 2, 44]
82:[44, 2, 1, 32]
83:[2, 44]
84:[11, 2, 1]
85:[43, 3, 28]
86:[6, 17]
87:[8, 12, 24]
88:[10, 1, 27, 30]
89:[24, 19, 1, 6]
90:[8, 2, 1, 49]
91:[15, 1, 32, 36]
92:[23, 2, 1, 15]
93:[43, 32, 1, 6]
94:[11, 2, 1, 47]
95:[38, 1, 2, 18]
96:[17, 4, 1, 32, 36]
97:[33, 14, 1, 27, 30]
98:[23, 2, 22]
99:[22, 12, 45]
100:[43, 3, 4, 17]
101:[14, 1, 3]
102:[26, 4, 8]
103:[40, 7, 4]
104:[15, 1, 2, 48]
105:[23, 2, 22]
106:[3, 1, 14]
107:[4, 1, 2, 48]
108:[38, 1]
109:[46, 3, 1, 47]
110:[4, 7, 25]
111:[29, 25, 7, 33, 36]
112:[49, 1, 4, 35]
113:[27, 2, 8]
114:[47, 1, 32, 36]
115:[31, 34]
116:[42, 22, 2, 48]
117:[39, 38, 3, 46]
118:[30, 22, 12, 35]
119:[21, 6, 17]
120:[41, 9, 6, 21]
121:[49, 34, 31]
122:[14, 1, 5]
123:[1, 4, 17, 29]
124:[14, 1, 2, 11, 37]
125:[23, 2, 40]
126:[33, 14, 12, 22]
127:[45, 12, 8, 13]
128:[47, 1, 19, 24]
129:[35, 4, 1, 49]
130:[15, 7, 25]
131:[32, 1, 2, 18]
132:[49, 1, 38, 39]
133:[49, 1, 2, 23]
134:[42, 22, 12, 35]
135:[36, 32, 1, 4, 16]
136:[35, 4, 8, 13]
137:[41, 9, 1, 3, 28]
138:[37, 11, 2, 0, 34]
139:[26, 12, 24]
140:[8, 2, 22, 42]
141:[17, 4, 1, 19, 24]
142:[11, 2, 6]
143:[46, 3, 1, 20]
144:[25, 6, 2, 23]
145:[10, 1, 19]
146:[17, 4, 1]
147:[44, 18, 4, 35]
148:[37, 11, 2, 0, 34, 41]
149:[16, 10, 1, 2]
150:[42, 19, 1, 4, 17, 29]
151:[39, 38, 1]
152:[32, 1, 4, 17, 29]
153:[21, 2, 22, 42]
154:[23, 2, 18]
155:[13, 8, 4, 35]
156:[29, 25]
157:[11, 2, 6, 17]
158:[39, 38, 1, 19, 42]
159:[11, 3, 38, 39]
160:[2, 8, 13]
161:[0, 2, 21]
162:[27, 2, 44]
163:[27, 30]
164:[24, 19, 1, 2, 48]
165:[33, 14, 12, 35]
166:[15, 1, 6]
167:[42, 19, 1, 49]
168:[41, 9, 6, 17, 29]
169:[28, 3, 38, 39]
170:[26, 4, 17]
171:[17, 4, 23]
172:[31, 34, 49]
173:[38, 3, 11]
174:[24, 12, 14, 33]
175:[20, 1, 38]
176:[0, 2, 1]
177:[32, 1, 2, 40]
178:[18, 4, 7]
179:[44, 2, 1, 32]
180:[23, 2, 40]
181:[4, 3, 11, 37]
182:[4, 1, 27]
183:[14, 1, 4, 17]
184:[27, 1, 3, 31]
185:[16, 4, 18]
186:[37, 11, 3, 28]
187:[35, 12, 24]
188:[37, 11, 2, 23]
189:[47, 1, 14, 33]
190:[41, 9, 12, 22]
191:[32, 1, 4, 17, 29]
192:[27, 1, 4, 35]
193:[1, 3, 46]
194:[27, 1, 3, 43]
195:[25, 7, 40]
196:[2, 1, 4, 26]
197:[43, 32, 1, 14]
198:[22, 2, 48]
199:[36, 33]
200:[8, 2, 11]
201:[39, 17, 4, 16]
202:[17, 6, 9, 41]
203:[5, 1, 15]
204:[42, 19, 1, 3, 46]
205:[39, 17, 6, 21]
206:[48, 2, 3]
207:[38, 39, 17]
208:[34, 49, 1, 15]
209:[23, 2, 1, 19, 24]
210:[6, 2, 18]
211:[36, 33, 14, 28]
212:[36, 32, 24, 19, 42]
213:[26, 4, 23]
214:[36, 32, 1, 6]
215:[14, 12, 22]
216:[44, 2, 1, 49]
217:[30, 27, 2, 18]
218:[1, 49, 34]
219:[6, 2, 23]
220:[32, 1, 49, 34]
221:[5, 1, 10]
222:[21, 2, 0]
223:[6, 25, 7]
224:[23, 4, 26]
225:[21, 2, 1, 19]
226:[18, 2, 6]
227:[37, 11, 3, 38]
228:[0, 2, 3, 28]
229:[14, 33, 36]
230:[15, 1, 14]
231:[8, 4, 7, 33]
232:[3, 4, 17, 29]
233:[16, 10, 1, 49]
234:[26, 4, 1, 47]
235:[5, 1, 49]
236:[37, 11, 2, 40]
237:[47, 1, 38, 39]
238:[0, 2, 6, 25]
239:[0, 2, 1, 14]
240:[37, 30, 22]
241:[46, 3, 1, 9]
242:[33, 14, 1, 2]
243:[29, 25, 6, 20]
244:[23, 2, 1]
245:[9, 1, 20]
246:[39, 17, 6]
247:[8, 12, 14]
248:[47, 1, 5]
249:[2, 3, 46]
250:[45, 3, 1, 27]
251:[49, 1, 27, 30]
252:[44, 2, 1, 14]
253:[22, 12, 14, 33]
254:[43, 3, 2, 44]
255:[29, 17, 39, 38]
256:[20, 1, 4]
257:[23, 2, 1, 14]
258:[40, 2, 1]
259:[21, 2, 1, 49]
260:[47, 1, 32]
261:[33, 14]
262:[31, 3, 11]
263:[35, 4, 1, 49]
264:[29, 25, 6, 1, 27]
265:[4, 1, 32]
266:[18, 2, 1, 14]
267:[32, 36]
268:[31, 3, 46]
269:[31, 3, 2, 40]
270:[35, 4, 1, 2, 21]
271:[8, 2, 22, 42]
272:[10, 4, 23]
273:[22, 2, 1, 10]
274:[5, 1, 9, 12]
275:[42, 19, 1, 3, 46]
276:[4, 1, 38]
277:[11, 2, 1, 32, 36]
278:[32, 1, 6, 25]
279:[24, 12, 22, 30, 37]
280:[32, 1, 9, 13]
281:[18, 2, 3, 45]
282:[14, 12, 45]
283:[4, 1, 2, 0]
284:[30, 27, 1, 3]
285:[42, 19, 24]
286:[15, 1, 9, 12]
287:[12, 8, 4, 17, 29]
288:[40, 2, 1, 5]
289:[43, 32, 1, 5]
290:[38, 3, 28]
291:[3, 31, 34]
292:[45, 12, 8, 13]
293:[14, 1, 15]
294:[12, 8, 2]
295:[20, 1, 3]
296:[20, 1, 4, 16]
297:[5, 4, 23]
298:[19, 1, 6, 25]
299:[19, 9, 13]
300:[34, 0, 2, 8]
301:[10, 1, 2, 11]
302:[14, 1, 4]
303:[1, 32]
304:[26, 4, 17, 39]
305:[38, 3, 43]
306:[42, 19, 1, 20]
307:[49, 1, 2, 44]
308:[21, 2, 1, 47]
309:[26, 4, 7, 40]
310:[7, 4, 10]
311:[1, 10]
312:[40, 2, 27]
313:[44, 2, 1, 32, 36]
314:[4, 1, 27, 30]
315:[2, 1, 49]
316:[2, 3]
317:[6, 21]
318:[2, 1, 5]
319:[1, 9]
320:[49, 1, 4, 35]
321:[4, 8, 13]
322:[19, 1, 14, 33]
323:[27, 1, 4, 17]
324:[27, 1, 49]
325:[16, 10, 1, 15]
326:[44, 2, 1, 14]
327:[0, 2, 3, 46]
328:[12, 8, 4, 7]
329:[6, 9]
330:[32, 1, 38, 39]
331:[43, 3, 31]
332:[20, 6]
333:[10, 1, 32]
334:[43, 32, 1, 9, 41]
335:[8, 4, 17]
336:[1, 3, 28]
337:[4, 3, 43]
338:[41, 34, 0]
339:[32, 24, 12, 8]
340:[13, 8, 2, 3, 43]
341:[13, 8, 4, 17, 39]
342:[28, 3, 4, 16]
343:[26, 4, 18, 44]
344:[9, 1, 2, 0]
345:[47, 44]
346:[24, 19, 1, 4, 16]
347:[35, 4, 7, 33]
348:[46, 3, 4, 26]
349:[36, 32, 1, 4]
350:[38, 1, 19]
351:[49, 1, 9, 13]
352:[1, 49, 34]
353:[17, 4, 10]
354:[25, 7, 4, 16]
355:[19, 1, 20]
356:[39, 17]
357:[44, 2, 21]
358:[2, 1]
359:[6, 1, 32]
360:[30, 27, 2]
361:[45, 12, 8]
362:[9, 1, 3, 7]
363:[3, 1, 15]
364:[26, 4, 16]
365:[19, 1, 2]
366:[11, 2, 18]
367:[29, 25, 6, 2, 0]
368:[46, 3, 4, 35]
369:[45, 3, 28]
370:[15, 1, 10]
371:[27, 1, 19, 42]
372:[2, 1, 4]
373:[43, 32, 1, 14]
374:[14, 1, 3, 46]
375:[49, 1, 5]
376:[18, 2, 3, 46]
377:[31, 3, 2]
378:[42, 22, 2, 11]
379:[37, 11, 2, 6]
380:[13, 8, 2, 0]
381:[37, 11, 3, 31]
382:[17, 4, 3]
383:[35, 4, 18, 44]
384:[40, 2, 3, 45]
385:[13, 8, 2, 3, 43]
386:[7, 3, 31]
387:[1, 4, 17, 29]
388:[2, 18]
389:[23, 2, 48]
390:[16, 10, 1, 49]
391:[29, 25, 7, 33]
392:[16, 10, 1, 32, 36]
393:[17, 4, 1, 19, 42]
394:[4, 3, 28]
395:[1, 49, 34]
396:[27, 1, 49, 34]
397:[10, 1, 3, 43]
398:[15, 1, 4, 35]
399:[22, 2, 1, 32]
