0:[19, 9]
1:[20, 1, 3, 7]
2:[42, 22, 30]
3:[47, 1, 6, 25]
4:[10, 1, 2, 11]
5:[20, 1, 2, 48]
6:[40, 2, 22, 30]
7:[33, 14, 12, 35]
8:[14, 1, 2, 40]
9:[0, 2, 44]
10:[29, 25, 7, 3]
11:[38, 1, 5]
12:[22, 12, 9]
13:[31, 3, 1, 47]
14:[17, 4, 3, 11, 37]
15:[40, 2, 1, 19, 24]
16:[26, 12, 22, 42]
17:[6, 2, 48]
18:[47, 1, 14]
19:[41, 9, 12, 22]
20:[26, 4, 18, 44]
21:[37, 11, 2, 1, 19]
22:[21, 2, 3, 31]
23:[25, 6, 1, 27]
24:[42, 19, 1, 6]
25:[5, 1, 32, 36]
26:[45, 3, 43]
27:[0, 2, 1, 4, 26]
28:[31, 3, 2, 44]
29:[36, 32]
30:[41, 9, 12, 24]
31:[37, 11, 2, 8, 13]
32:[45, 3, 4]
33:[21, 6]
34:[0, 2, 1, 4, 16]
35:[5, 1, 6]
36:[12, 8, 4, 17]
37:[6, 17, 29]
38:[9, 41, 34]
39:[45, 3, 1, 5]
40:[14, 12, 35]
41:[22, 2, 11]
42:[27, 1, 38]
43:[17, 4, 1, 49, 34]
44:[34, 0, 2, 6, 25]
45:[38, 39, 17, 29]
46:[37, 11, 2, 6]
47:[17, 39]
48:[16, 4, 3, 45]
49:[42, 22, 2, 23]
50:[11, 2, 1, 5]
51:[6, 1, 14]
52:[34, 41, 9, 12]
53:[19, 1, 38]
54:[0, 2, 1, 4, 26]
55:[39, 17, 4, 8, 13]
56:[38, 1, 4, 16]
57:[46, 3, 4, 35]
58:[34, 31, 3, 45]
59:[44, 2, 21]
60:[15, 1, 32, 36]
61:[48, 2, 1, 14, 33]
62:[25, 6, 1, 19]
63:[24, 19, 31]
64:[47, 1, 19]
65:[2, 1, 15]
66:[32, 1, 4, 17]
67:[33, 14, 1, 2, 0]
68:[6, 1, 32]
69:[2, 0]
70:[26, 4, 17, 39]
71:[8, 2, 1, 49]
72:[30, 27, 1, 49, 34]
73:[20, 1, 2, 22]
74:[32, 1, 2, 0]
75:[45, 3, 2, 48]
76:[43, 32, 1, 20]
77:[36, 32, 1, 2, 21]
78:[39, 38, 3]
79:[25, 7, 3, 43]
80:[20, 1, 2]
81:[26, 4, 3]
82:[46, 3, 31]
83:[29, 25, 6, 9, 41]
84:[7, 3, 46]
85:[27, 1, 3, 7]
86:[39, 17, 6, 9]
87:[27, 30]
88:[17, 4, 3, 45]
89:[1, 14, 33]
90:[32, 1, 4, 16]
91:[10, 1, 3, 46]
92:[0, 2, 1, 14]
93:[8, 2, 11, 37]
94:[40, 7, 4, 35]
95:[14, 1, 49, 34]
96:[47, 1, 10]
97:[26, 4, 1, 49]
98:[44, 2, 11]
99:[28, 3, 1, 19]
100:[26, 4, 3, 11]
101:[4, 3, 31]
102:[18, 2, 1, 49]
103:[31, 3, 4, 16]
104:[17, 4, 18]
105:[19, 1, 6]
106:[36, 32, 1, 49, 34]
107:[39, 17, 6]
108:[43, 3, 7, 25]
109:[46, 3, 7, 33]
110:[22, 30]
111:[42, 19, 1, 3, 43]
112:[24, 19, 31]
113:[32, 1, 4, 16]
114:[20, 1, 2, 0]
115:[45, 3, 2]
116:[41, 9, 1, 2, 11, 37]
117:[49, 1, 3, 45]
118:[16, 10, 1, 20]
119:[35, 12, 22, 42]
120:[36, 33]
121:[31, 3, 1, 20]
122:[43, 32]
123:[27, 1, 47]
124:[16, 4, 17]
125:[26, 4, 1, 49]
126:[40, 2, 3]
127:[43, 3, 2, 23]
128:[1, 2, 48]
129:[37, 11, 2, 6, 17, 29]
130:[15, 1, 4, 17]
131:[35, 4, 1, 27]
132:[10, 1, 2, 48]
133:[19, 1, 2, 11, 37]
134:[10, 1, 2, 0]
135:[49, 1, 2, 11, 37]
136:[40, 2, 1, 14]
137:[4, 1, 2, 48]
138:[7, 4, 5]
139:[38, 3, 45]
140:[24, 12, 22]
141:[16, 10, 1, 32]
142:[23, 2, 0]
143:[4, 7, 40]
144:[25, 6, 2, 18]
145:[21, 6, 9]
146:[10, 1, 3, 31]
147:[26, 4, 17, 29]
148:[18, 4, 35]
149:[45, 12, 35]
150:[34, 49, 1, 15]
151:[16, 10, 1, 47]
152:[10, 1, 6]
153:[44, 18, 4, 7]
154:[14, 1, 49]
155:[44, 2, 8, 13]
156:[39, 17, 4, 16]
157:[12, 26]
158:[12, 9, 1, 20]
159:[48, 2, 0, 34, 41]
160:[4, 3, 28]
161:[11, 2, 1, 15]
162:[33, 14, 12, 24]
163:[21, 2, 44]
164:[21, 6, 9, 41]
165:[15, 1, 9, 13]
166:[15, 1, 3]
167:[34, 31, 3, 7]
168:[7, 3, 1, 19, 24]
169:[25, 6, 1, 19]
170:[41, 34]
171:[7, 3, 28]
172:[15, 1, 2, 23]
173:[12, 22, 42]
174:[38, 1, 27]
175:[17, 4, 23]
176:[4, 7, 33]
177:[21, 6, 17, 29]
178:[18, 4, 7, 33]
179:[0, 34, 41]
180:[6, 1, 3, 46]
181:[5, 1, 38]
182:[43, 32, 1]
183:[35, 4, 7, 25]
184:[1, 9, 12]
185:[40, 2, 1, 9]
186:[35, 4, 3, 11]
187:[25, 6, 1, 27, 30]
188:[23, 2, 22, 42]
189:[36, 32, 1, 27, 30]
190:[39, 38, 1, 15]
191:[26, 4, 1, 27]
192:[0, 2, 3, 46]
193:[26, 4, 1, 2, 48]
194:[25, 6, 17, 39]
195:[9, 1, 4]
196:[7, 4, 23]
197:[27, 1, 32, 36]
198:[2, 21]
199:[6, 1, 3, 46]
200:[5, 4, 8]
201:[42, 19, 1, 49]
202:[1, 2, 0]
203:[38, 1, 4]
204:[7, 3, 2]
205:[46, 3, 38]
206:[8, 4, 5]
207:[31, 3, 1, 27, 30]
208:[40, 2, 1, 14]
209:[0, 2, 3, 43]
210:[21, 2, 23]
211:[47, 1, 4, 17]
212:[29, 25, 7, 3, 31]
213:[38, 1, 4, 26]
214:[4, 1, 15]
215:[20, 1, 3, 45]
216:[1, 2, 48]
217:[0, 2, 1, 4]
218:[33, 14, 12, 8]
219:[29, 25, 6, 1, 49]
220:[31, 3, 38]
221:[14, 1, 4, 17]
222:[27, 1, 19]
223:[17, 4, 26]
224:[6, 1, 3]
225:[40, 2, 8, 12]
226:[7, 3]
227:[32, 1, 27]
228:[38, 1, 10]
229:[43, 32, 1, 47]
230:[47, 1, 19, 24]
231:[23, 2, 3, 31]
232:[30, 27, 1, 15]
233:[9, 13]
234:[9, 1, 49]
235:[40, 2]
236:[40, 2, 1, 32]
237:[8, 12]
238:[13, 9, 1, 20]
239:[6, 2, 0]
240:[15, 1, 2, 11]
241:[45, 3, 1, 19]
242:[38, 1, 14, 33]
243:[29, 25, 7, 3, 45]
244:[38, 1, 47]
245:[2, 1, 38]
246:[9, 1, 2, 40]
247:[31, 3, 7, 33]
248:[21, 6]
249:[34, 49, 1]
250:[34, 0, 2, 48]
251:[30, 27, 1, 6, 25]
252:[22, 2, 27]
253:[34, 41]
254:[47, 1, 3, 45]
255:[27, 1, 14]
256:[34, 31, 19]
257:[16, 10, 1, 2]
258:[42, 19, 9, 13]
259:[24, 19, 1, 15]
260:[5, 1, 2]
261:[13, 8, 2, 0]
262:[32, 1, 9, 41]
263:[31, 19, 9]
264:[26, 12, 9]
265:[13, 8, 2]
266:[28, 3, 2, 48]
267:[19, 1, 20]
268:[47, 1, 2, 22]
269:[35, 4, 16]
270:[9, 12, 45]
271:[17, 4, 1]
272:[20, 1, 14]
273:[48, 2, 1, 32]
274:[32, 1, 27]
275:[2, 1, 14, 33]
276:[41, 9, 13]
277:[11, 2, 1, 10]
278:[33, 14, 1, 49, 34]
279:[46, 3, 2, 0]
280:[17, 4, 1, 19, 42]
281:[6, 25]
282:[29, 25, 6, 2, 44]
283:[24, 19, 1, 49]
284:[10, 1, 3, 46]
285:[21, 6]
286:[11, 2, 1]
287:[9, 1, 27]
288:[13, 8, 4, 7]
289:[28, 3, 4, 17]
290:[23, 2, 3, 43]
291:[47, 1, 4, 17]
292:[26, 4, 10]
293:[41, 9, 1, 3, 43]
294:[18, 4]
295:[2, 1, 49]
296:[41, 9, 1, 2, 23]
297:[23, 2, 1, 32]
298:[20, 1, 2, 8]
299:[42, 19, 31]
300:[10, 1, 2, 22]
301:[47, 1, 32]
302:[23, 2, 1, 19, 24]
303:[18, 2, 11]
304:[9, 1]
305:[10, 1, 3, 45]
306:[37, 11, 3, 7]
307:[4, 3, 11]
308:[15, 1, 2, 23]
309:[35, 4, 5]
310:[18, 4, 10]
311:[15, 1, 19]
312:[43, 32, 1, 6]
313:[8, 2, 1, 32]
314:[9, 1, 3, 43]
315:[8, 2, 3, 28]
316:[26, 12, 45]
317:[17, 4, 5]
318:[41, 9, 1, 38]
319:[21, 2, 1, 4, 35]
320:[15, 1, 9]
321:[9, 6]
322:[24, 19, 1, 10]
323:[10, 1, 19, 42]
324:[27, 1, 49, 34]
325:[6, 9, 41]
326:[29, 25, 7, 3, 31]
327:[33, 7, 3, 31]
328:[28, 3, 1, 6]
329:[5, 4, 16]
330:[1, 3, 7]
331:[48, 2, 1, 5]
332:[5, 1, 2, 22]
333:[30, 27, 2]
334:[6, 1, 3, 43]
335:[25, 6, 2, 11]
336:[46, 3, 1, 19]
337:[4, 1, 6]
338:[16, 10, 1, 2]
339:[0, 2, 1]
340:[14, 1]
341:[9, 1, 2, 40]
342:[19, 1, 47]
343:[47, 1, 9, 13]
344:[22, 12, 26]
345:[12, 22]
346:[23, 2, 1, 32, 36]
347:[37, 11, 2, 18]
348:[13, 8, 4, 17, 39]
349:[5, 1, 38, 39]
